10.0000000000000000	0.0000000000000000	3.2000000000000000	-0.0000000000000000	0.0000000000000000	0.0000000000000000	0.0000000000000000	3.2000000000000000	0.0000000000000000	0.0000000000000000	3.2	988.7391860311432	
12.2942048154944780	-0.0159019518544808	3.2406522198865420	0.0151968826600305	-0.0698687975955694	-0.0795185398427249	-0.2985398666156782	3.2406668738092500	0.0010076332566118	-0.0196932790956603	3.1472951176006463	973.0339361806102	
8.8838707451244230	0.0343130254783182	3.1783843987025002	-0.0825852151231338	0.0111466646612383	-2.2911762893953136	0.7025943943527959	3.1793267124311435	-0.0046724555179742	-0.0445523419257686	3.0445749272558955	997.0291861964374	
11.3517969417436150	-0.0526118693827549	3.1790075559170340	-0.0387537583778941	-0.0290519217058518	-0.0830379857560245	-1.0546517415297940	3.1794902165010250	0.0058928787326504	0.0341487967644918	2.9585129187358516	977.5825177326276	
9.1167952260360680	0.0030131388643159	3.1987317574889103	-0.0700022904715414	0.1195923617580653	-1.4528098091371346	-0.0452306995642931	3.1994749476129610	0.0055150737687913	-0.0111310198785869	3.161286947022346	988.6625957447108	
10.0713129214035210	0.0944887906036899	3.1833538173938694	-0.0028732073848235	0.0231487170391336	0.3514016426397540	1.6603734044725806	3.1846775371398700	0.0022207264132279	0.0224046066127097	3.274955033031386	987.5787674290727	
9.8686351428812920	-0.0538175173136404	3.1732424756637530	0.0181226833050416	0.0313282260795784	0.2585894214449979	-0.4252828290771540	3.1736039931696034	-0.0302646600946370	-0.0037829966838036	3.161963934379552	1017.5424070908201	
10.8608432881211920	0.0181865297904180	3.2077568837569967	0.0139463864390951	0.1476085230275703	0.4725589241556581	0.2638208113363879	3.2078125390416594	0.0034483583049248	0.0125020015609415	3.272503543216828	996.765893262042	
10.3022965357165110	-0.0185753198133437	3.1792035003978043	-0.0125703211401567	0.0498023064796138	-0.4963178846884723	-0.4006502063683088	3.1792452709438876	0.0036430457109961	-0.0149729028668945	3.3022280638646726	995.8406585698382	
9.5862917574626270	0.0089843935423874	3.1881596840160387	-0.0452121124404957	0.1519136726756992	-0.5497268220897699	0.0761327745949395	3.1884558478201623	0.0047868141733043	0.0146088375780758	2.9670143563958313	986.958896767248	
9.9493623791576860	-0.0200340370938942	3.1899665686764290	0.0175862414253606	-0.1411428220940632	0.3452407954039370	-0.0564793412414008	3.1900328238393163	-0.0168934944898253	0.0015938866663344	3.1729674346522603	1000.9031000490127	
11.3827622348248560	-0.0151390539845167	3.1934734924483172	0.0357925197165174	0.0932397125924853	0.5687346308929723	-0.1626954328024771	3.1937015585397366	-0.0060775609091237	-0.0040817431951226	3.2330326010737007	983.2945151482729	
9.9168536234072260	0.0535492853411478	3.1799950334952642	-0.0525146025702716	-0.1163738030580702	-0.9684524032571851	1.3594030152577743	3.1808037082695964	-0.0219048774930660	-0.0012916263421013	3.19871434722381	1006.3786601082162	
10.6928032630100700	-0.0610267184404733	3.1941521405884745	-0.0001668586713987	0.1446556873457623	-0.3370079210608497	-1.3670878843652494	3.1946446440374310	0.0151494126287524	-0.0186622359678936	3.1278431119238546	993.5777994987033	
9.5930198708073730	0.0178318362086909	3.1869310757831015	0.0097167442972473	0.0002159939634347	-0.5545609563857897	-0.0554787422374755	3.1866689933672430	0.0209175374857620	-0.0405617385189491	3.0459725885112214	993.7882242635513	
8.4857384600741130	-0.0452110102611216	3.1660821462478164	0.0120229104104548	0.1220002398906497	0.2228451577856354	-0.9852519998075541	3.1664142720728510	0.0092371972861288	0.0002727863717674	2.9739009464168755	996.8560904263279	
10.2442149226064650	0.0212187372139700	3.2038543704633080	0.1192394641703430	0.0202322872115616	2.1064708752285280	-0.1242155811450163	3.2060187016507000	0.0281640493923994	-0.0014081012774252	3.3037855537002834	992.3248691854252	
9.7593175142426400	0.0223762731374190	3.2088544790992630	0.0868080752838260	-0.0607312060858500	1.3175228765208216	0.3134952473681479	3.2100765001824487	0.0048324795098137	-0.0129968337526533	3.2416719712506676	994.2982668195335	
8.8914549484962480	0.0222506851514850	3.1724844636600573	0.0451628083744751	-0.1563920780563416	1.1424570379753811	0.6033369008599431	3.1728126812604294	-0.0112062428879368	0.0180708098258159	3.4020727592223863	968.7736435357967	
10.6048531736677600	0.0573846314101928	3.2081073591657767	0.0690421177579726	-0.0221226773113718	1.6353556712443837	1.2520533175807653	3.2092587808601940	-0.0127372123305724	0.0225494739183427	3.3260994025783077	1012.831450709683	
10.0579118679195150	0.0269172048953152	3.1459358798292487	0.0703940812381181	0.0321243633640820	0.2506291989202229	-0.0671737385628594	3.1461799864678275	0.0305737327427669	-0.0566494678283880	3.0936979962064766	987.4494098484079	
11.0320815803646700	0.0092282225594732	3.1798355242140004	0.0030778557566148	0.0389590051895169	0.1921807586694784	0.0332360852784311	3.1798327785109906	0.0073888227195337	0.0075828983169500	3.219815799753701	1002.701759504681	
10.7160268956098300	0.0226682474813010	3.1893458886689590	-0.0510230819724913	0.0668690221742512	-1.1592426742208255	0.3758022480967075	3.1898054380090164	0.0017332606354234	-0.0135153750638170	3.0542984736567176	995.550526112945	
9.5200938719609360	-0.0073282625582398	3.2031963576981224	-0.0921544781206603	-0.0433234639773924	-1.7093041306137022	-0.5088788136901059	3.2044586403291335	0.0211237843866039	-0.0034154638743630	3.2624441004998364	978.734412323261	
9.9570696067677340	-0.0364747834021251	3.2167603302964993	-0.0395378589247706	-0.0082066440380565	-0.5742575115513393	-0.8329799863252111	3.2171853409070756	0.0102924234864368	0.0072954063101294	3.1463365538938572	983.945667240626	
9.8696760757137770	-0.0478859949009557	3.1985363193908656	-0.0157124602926348	0.2127946081109875	-0.1827960981609612	-0.8721167249940492	3.1989285029973784	0.0008240257766741	0.0055036416161520	3.23234267514059	997.330034709807	
11.4121069334533700	0.0304180405757138	3.2333464910992000	-0.0209479022022366	-0.1482724838090194	-0.1255105444102566	1.2003507737298613	3.2333122939801098	-0.0373582808443136	0.0137685058043347	3.074087810872986	998.27964810558	
9.3765779670238580	-0.0583815593066499	3.1610661001935050	-0.0774505090351722	0.0315715062181570	-1.4006282162123311	-0.9319485226987174	3.1625460344813345	-0.0069594785746966	0.0001518348107418	3.292729229729569	993.998642118657	
12.0980692495845880	-0.0340893487815639	3.1855784055211087	-0.0340136936650301	-0.0563338784526116	-0.1223346906361111	-0.6488852471069312	3.1858255391591643	0.0019625721319393	0.0272135100887172	3.1880754960146054	998.3247199045454	
9.2614808004681500	0.0556672793994487	3.2027060931388420	-0.0912790109267468	0.0694932343469765	-2.3463574053891225	0.6896470508846613	3.2041955807488300	0.0170659989844872	-0.0399556610319207	3.355899791433131	988.0880073070387	
11.6251107196090470	0.0131667191446316	3.2126901856098447	-0.0311991359685847	-0.1018135246854411	-0.1427737620621511	0.2779123108589935	3.2127840272191260	-0.0024576900763896	0.0231890382978554	3.1213190471978165	1007.9070576610898	
9.9426735925641340	0.0630654084811998	3.2323688493136230	-0.0716680865857951	-0.0658501220678127	-1.6442359865732696	0.8744852273864422	3.2336801399453905	0.0137497463932378	-0.0211100779659048	2.9768690498703227	995.299459223238	
8.6750391736839930	-0.0619213907195214	3.1803337698899257	-0.0390053063903656	0.0164195161249192	-0.6807652492514096	-1.0716946603851980	3.1811745013511086	-0.0024268088714324	0.0012095493947890	3.076982937051946	986.0280875806416	
10.7812530954840660	-0.0298667587061475	3.1667202105738330	0.0482504611238135	-0.0374834823607930	1.5633012613269548	-0.9354159688644323	3.1669234175372316	0.0218101089327311	0.0381760256403766	3.229983161810502	986.5848430861153	
10.3206324824115560	-0.1003096680277511	3.1875201887310940	0.0212148252391179	0.1102120462710130	0.4869389249496262	-1.3116843208975821	3.1890462770743673	-0.0273058114969233	0.0059403042588579	3.5079391995886726	992.278548267885	
8.5556558548993210	-0.0417467799331747	3.2053172956537797	-0.0049794636486920	-0.0393000417964347	0.2242288864442426	-0.3745063678557169	3.2054776594646750	-0.0208069154077718	0.0175100386739625	2.995379017059219	990.3068397625539	
12.0735018630304560	-0.0578102737508926	3.1970115187777775	0.0925465767461865	0.0282000220774983	1.8551925043007331	-0.8363933555346450	3.1988348124701010	-0.0111309561488736	0.0110223482511075	3.1248135257108656	995.13917115637	
9.3194427222541540	0.0506488807053276	3.1498054681278727	0.0096581081420150	0.2066526793111334	-0.9733144180925286	1.0698109729749543	3.1495834816277310	-0.0083966085925210	-0.0631384545242991	3.212690180792129	985.4157181965592	
9.0982095499774540	0.0034319079764801	3.1971873497450710	-0.0140709863719774	-0.0119321444349631	0.3404951208422820	-0.0657152170572324	3.1970412342712120	0.0070920217533537	0.0330721879652716	3.1779093591470344	1006.4675226010671	
11.1135055565621100	-0.0311679913407391	3.1760080936295934	0.0807540167649193	0.0794560297832467	1.4862864338182190	-0.4089765312751147	3.1771756523441520	-0.0084947818138097	0.0016668959222795	3.4346129894356263	995.6387263975457	
9.3857790981112730	0.0269290978000639	3.1905807824163133	0.0456412320805492	0.0663503878179108	-0.0440526349045836	0.6820170653366657	3.1906392517170220	-0.0111064981799900	-0.0480815827450719	3.1009773714254907	999.3827448235209	
9.0965056314118800	0.0117364040372841	3.1531029436198175	0.0809054255219665	-0.0446329570966828	0.8621616363503934	0.7026208376787508	3.1538702050754184	-0.0269040911750303	-0.0334739232561397	2.9666305179218244	991.6410039373515	
10.4221691436881200	-0.0429438035015862	3.1718537095811126	0.0797394359794428	0.0640520371759597	1.5393801491249595	-0.7590300036260809	3.1731415565932903	-0.0009157460448023	0.0055069159120063	3.205135759575301	1005.4157262815795	
11.6480620280745930	0.0178643943770641	3.1885030238006724	0.0088646574326506	-0.0864290071591433	0.4174586227111080	0.6294055093800275	3.1884868351555920	-0.0171839701212750	0.0143410158020454	3.158782904483559	991.4111524587471	
9.4448341025364740	0.0009120892095811	3.1752705241358954	-0.0665204157969153	0.1043520048875528	-1.5473290337864893	-0.3938888358886827	3.1758276528103435	0.0227057078265444	-0.0192839194149197	3.214960982790353	1001.1654245624209	
9.6755723233701620	0.0217203864922716	3.1786980811069285	-0.0510434716473175	0.1418974347370053	-0.3338798565077806	0.2914916445100586	3.1790109193527300	0.0056291027316382	0.0325052281733825	3.1864213140668673	984.2583241714192	
9.1661181568881900	0.0233965404196522	3.1781362249990277	0.0205012168254434	-0.0831311204771330	0.1330832722100342	0.2526756099833621	3.1782475448668035	0.0093997344334759	-0.0131053876981217	3.21297211007865	997.9521635981151	
9.7903296598889040	0.0015433575223877	3.2415211442411156	0.0409750525404897	-0.0960760909757921	1.0413662405052555	-0.0600111152817291	3.2417270539081330	0.0049084018055541	0.0179521864178338	3.24283250990251	979.760965093919	
10.9914351883861330	0.0654153183518143	3.2167541767934970	0.0450864564454387	0.1621327693163026	0.8314593465131652	1.7237336920120120	3.2175817642022158	-0.0313705159916895	0.0016934426646205	3.1006434267867724	992.0947458005663	
11.2974441869518870	0.0388667723329383	3.1551841123683730	0.0068746520857343	0.0079445036750761	-0.5780142195923440	0.6331520597039638	3.1551910391271800	0.0039931018454229	-0.0387069958001962	3.3067956798464953	982.6861178953332	
10.1268164683002620	0.1320429734461289	3.1937512552658910	-0.0832100034271423	-0.1175100961480154	-1.7752945276302665	2.1408461929446485	3.1974982488546430	0.0126771427835790	-0.0158294232879364	3.314113559502206	987.9386187231868	
9.1072100059616120	0.0732128594540631	3.2195623546511616	-0.0755496136665999	0.0200202892961033	-1.0548606831911054	1.1970173371376103	3.2212342789718560	0.0059446985234266	0.0162481672097467	3.345161982174171	996.0900659668232	
9.4174424945173150	-0.0339737850230633	3.2098304599172280	-0.0040756012489276	-0.0661715455678836	0.3923420679011029	-0.7987419114877926	3.2098889971746365	0.0107451741605893	0.0260686987829970	3.334150392462657	999.2089731135281	
9.1780827150157800	0.1251706447785899	3.1818152402950894	0.0475751213480200	-0.1054906555438327	0.9119716650660619	1.5949665801724102	3.1844203554022430	0.0365542799771876	0.0031765665213925	3.1296832735252043	982.2726602412808	
8.6530541101172440	0.0138988451759765	3.1661878459248975	0.0776478081261520	0.0054191186294912	1.5439909664246290	0.4252913720440389	3.1671464204616426	-0.0096023667959657	0.0076929575254305	3.1328814401400242	991.8349868731146	
8.3527941942021860	0.0826390694370720	3.1968030844548405	0.1026546571450367	-0.0994080846241275	2.3207214051206450	1.2503066584137101	3.1993791516002420	0.0128176701539555	0.0269426585272216	3.0583986804927545	983.9370467939035	
9.9578499543893780	0.0526309230335452	3.1774396443246080	0.1509420948304466	-0.0481451682179301	2.9468425214106144	0.6002419113926720	3.1813743406745827	0.0193305406278152	0.0126434992488597	3.4719511363605147	1001.5597858338303	
10.1358509190114210	0.0820549357163882	3.2122870915485030	0.0942636911172923	-0.0585735466333530	1.5229134272188447	1.4873186424208154	3.2147048410211600	-0.0013408155279059	-0.0088318625699121	3.0971357889475977	978.8926094188867	
10.0118226035478700	0.0786638875691926	3.1900749603984450	0.0239974812446728	0.1466480871456523	0.4906192132246775	0.7993871634179556	3.1909504629521590	0.0341583487677943	0.0032387450640040	3.2910620753936124	995.3834997658964	
10.3976084386847700	-0.0032765083203287	3.1943157089665480	-0.0216983233707492	0.1006492481395206	-0.3358243197418881	0.2170165552592565	3.1943526955517890	-0.0153701658456106	0.0030026183967298	3.0504102614710393	981.3364858170346	
8.1391274967230770	0.0406805774229199	3.1724481556810210	-0.0482045473040514	-0.0624360754838033	-1.0613626154796880	0.5306024000474523	3.1730374137740327	0.0113114893410984	-0.0105597937123127	3.1559057887523885	980.5399487483937	
8.6678055275698300	0.1389134197283684	3.2048438657740212	0.0487762358753036	0.0700113055343710	0.8771571552637015	1.9063674241274862	3.2080620012252250	0.0322237839709323	0.0002956307954656	3.2108982616577317	992.5579112942033	
9.3073639344554540	0.0777749585401025	3.1831211133005795	0.0622445751077806	0.1237667641410333	1.6862476732715397	1.4178706600719226	3.1845237433123080	-0.0009439590085128	0.0314800010758955	3.1348126081678154	985.5975578309107	
9.0324312106899430	0.0676449732929072	3.1942731760514640	0.0594625106191560	-0.1613023738416539	1.0849051455727952	0.9496490401578501	3.1955086823880805	0.0146916268423657	0.0010829154876042	3.117317485129873	976.325292949613	
10.8090558956955490	-0.0493924338100874	3.1827063466757740	0.0898060033715716	-0.0201439710199693	1.0473288236215827	-0.1965538001952222	3.1839668268892476	-0.0384627384640853	-0.0316272500886212	3.1121823594457125	997.3037462323541	
8.4234817353873890	0.0420275801351666	3.1801537993881480	-0.0340754743788093	-0.0316590300803167	-0.9386334386388566	0.9365150501347111	3.1805473535731590	-0.0099462318614238	-0.0180346155923468	3.4299204471879152	988.2772424427362	
8.8657686784052780	-0.0093171718440226	3.2181060240275206	0.0121704170594741	0.0913325428468222	0.4416735277518234	0.2649098293473250	3.2180267528155680	-0.0241759155103857	0.0126749318464176	2.9994315274257843	993.195632546858	
11.1856901353275320	0.0451064146134975	3.1999533915047094	0.0500268948153636	0.0382492054324450	1.1840182122124474	0.8224182730624995	3.2006216083771520	-0.0008177305757219	0.0161132849724366	3.33061182149933	1001.8090640834779	
10.3507908702766860	-0.0382199398341704	3.1866696055705790	-0.0890408198033350	-0.1512326851856267	-1.3480062938902433	-0.4332026508804716	3.1880802085194140	-0.0141622884451098	0.0140078582351446	3.111230243635883	1003.841618416077	
8.9960225167122870	0.0207219188819553	3.1884078062927017	-0.1075988800557544	0.0395876930772853	-1.8752150971604666	0.3226242236328161	3.1902873411038250	0.0027704374003014	0.0032034370508306	3.2608637440116004	1004.8018246319444	
11.2473127037169300	-0.0449042703331848	3.1911084321086920	-0.0894510173689826	-0.0025119284785048	-0.5909587902944059	-0.8147994385696846	3.1921771631456552	0.0004768013083322	0.0565299498457955	3.30195869696176	987.0617939918906	
9.7555848672980780	0.0049343406688826	3.1856130476476943	-0.1057630502110199	0.0364359850316158	-2.0389622156415013	0.4867352025170330	3.1872860894038104	-0.0221325704319215	-0.0076284644621588	3.08592229565795	977.0341378890603	
9.4360866456494750	0.0602259753842611	3.2030190744408786	-0.0744859478561716	0.1181032387460331	-1.5627796087429673	0.9845152052228734	3.2044208485819814	0.0051555903996092	-0.0129213324344814	3.0773072153860523	979.9782452823939	
10.4993044863906500	0.0640709004057290	3.1912256438464890	-0.0408638122238222	-0.0258714283965944	-0.5970209298769129	1.0035199304321380	3.1921108184895120	0.0081670513761049	0.0076067815626949	2.8796012602636227	989.6149463247065	
11.7292959553962590	0.0582035019065097	3.2114488283581440	-0.0370979977160453	-0.1790740806768755	-1.1624919591710217	0.8143994165516365	3.2120432469030500	0.0126394626195580	-0.0280340906900339	3.1682601094262304	988.6414856203596	
8.8300131454835700	0.0014776321251441	3.1835930393161210	-0.1228675476132938	-0.0521690147130228	-2.6464996392698423	-0.1743951414703923	3.1858515262882740	0.0111898188893994	-0.0242507326725655	3.1194101123964693	990.3741318595486	
10.7641223546291620	-0.0074853775609731	3.1846958014061490	-0.0678777792441645	-0.1467484453667570	-0.5151096407358098	-0.2249406044402126	3.1851821796366170	0.0049170884397665	0.0392565415301583	3.4118930408831987	981.6758867299322	
10.1840444145561160	-0.0054760716480683	3.1925923389701730	-0.0649702787566341	0.1394558041820382	-1.1355754629548909	-0.0695298663359097	3.1932572022001790	-0.0015976694980489	0.0016897876529122	3.202643658088922	1000.7363840854007	
9.4893554869900400	-0.0028073181009950	3.2089521317432170	-0.0449252782787677	0.0105171570040268	-0.7113331493429196	0.3242937589665295	3.2091952827553887	-0.0209688918470202	0.0050880446095288	3.0723426212541534	981.1530811922715	
10.9063577171559080	0.1127194530159387	3.1932383355267486	-0.0205006832791918	-0.0963212991972455	0.1195622272549835	2.5774583559680644	3.1950271155857894	-0.0310400218348675	0.0271158311104139	3.290207454622243	1000.6501950593624	
11.5348788271875870	0.0590591074144367	3.1407048256398853	-0.0163261115473960	-0.0540536583141787	-0.4965598410569586	0.6734380291735580	3.1412055558621200	0.0221512123662863	-0.0108766491239306	3.0739906637691083	996.9254904908045	
9.0578630193371520	0.0084532753018023	3.1641018960759175	-0.0789778872980213	-0.0920226499316820	-1.9045998201236178	0.0760350164740372	3.1649871811785310	0.0042964281050162	-0.0262194007887174	3.1383919640200895	990.9686727984719	
9.0614290794966570	0.0274207768393222	3.1944880961176843	-0.0464421335396776	0.1404850667764637	0.1563451893594710	0.4793518697521152	3.1944670836560280	0.0008294282392440	0.0551573249417044	2.961562912901375	988.0216694599349	
7.3381654967219970	0.1231999893177986	3.1627917351133257	0.0218570068583243	0.0220323368447351	1.2825659093231510	2.2890746586771833	3.1648849254586535	-0.0032053740253867	0.0489965304873888	3.2736241746096595	1007.5247694788429	
10.6690079136926630	0.1547055529428034	3.1783687973485684	0.1557093046572570	0.0084524415787529	3.6959050952528303	2.6120835737350627	3.1855360073704820	0.0097022232419015	0.0497355027868668	3.1720084027919917	986.4631733592788	
11.1728605128685900	0.0945465548443541	3.1910253953317285	0.1138118533682498	-0.1258715365752808	1.6285355093441283	1.4261951537395388	3.1943350743791803	0.0151456773196893	-0.0230066012602996	3.3485459511505	988.9880819644262	
9.6877310019300930	0.1097712861640179	3.1911387598656265	0.0111206169060398	-0.1452342278132633	-0.3669001441516525	1.6921685001232287	3.1928519489725535	0.0155702718087770	-0.0315275543163428	3.338146477198982	990.8381449308513	
9.5087189912314420	0.0540237827646311	3.1674458509880146	0.0108352330636422	0.1910066215245931	0.0634402902766444	0.7876761936740206	3.1678992662982535	0.0104509650739420	-0.0073624885020626	3.094511353523192	988.2855559966358	
10.9501636321545600	0.1709497109240637	3.1630668375886220	-0.0233517273938474	0.0856081349085913	0.5058496743563111	2.4218633026338883	3.1671357128934780	0.0372122385204363	0.0512596460112609	3.246517647041778	1005.5589888378385	
8.8273230461534650	0.1936128786532982	3.1567863467121710	-0.0305832466192595	-0.2204804703584081	-0.9348596712902744	3.7429713250647128	3.1627699188946840	-0.0127963973715901	-0.0210716134120967	3.3789208658605823	986.7237485366636	
12.4338684123241430	0.0768555467997680	3.1914461123290180	0.0006877843736529	-0.0678087102687124	0.7001241614199599	2.0352262826585195	3.1919324188093263	-0.0365790524296796	0.0382745698686584	3.2212694614994035	987.2303661306518	
11.7318873558510470	0.1602533405932745	3.2014497628470340	-0.0896479698008127	0.0294890713191487	-2.1259963918285143	3.0041168697805105	3.2065680092810250	-0.0077626295168247	-0.0293226726706391	3.2695071395536837	982.2232400579836	
10.6903085455165370	0.1196461440303282	3.1643929717144323	-0.1811420433183141	0.0103315835415919	-3.2162594313638766	1.7858083934299573	3.1717598167307290	0.0209760293834426	0.0031922152361561	3.0185029022891183	987.1664991967826	
11.2814943246009460	0.0728657866847157	3.1938439402656350	-0.1405643729524833	0.0201078590651082	-2.4817470911589585	1.4064777632029681	3.1977604150905530	-0.0055489753965957	0.0021016983994998	3.1140113202880038	988.8413922076658	
11.0425519822849590	0.1608092259018574	3.1879519194186736	-0.1529757627120173	-0.0876228585852976	-2.5767865129841750	2.9331491613361570	3.1956541537357235	-0.0025455876268967	0.0093102810341903	3.2589524280686475	990.2077973699317	
7.6945301373227140	0.0898020997839059	2.7615426208549243	-0.1201109211737979	-0.0980852921796400	-2.1746038481178807	2.2524062378464924	2.7655062178397882	-0.0188267912789060	0.0151528323660173	3.177239689256455	985.6507045480291	
12.6803699811001330	0.0403984448816300	2.7303594775453672	0.0394794339979709	0.0044183008429492	1.7453444095980384	0.9611322566353678	2.7305885787764680	-0.0054032889398299	0.0437076034987831	3.334100621016689	993.3420824420494	
9.4725907692125200	0.0997076418086411	2.7525515492933920	-0.0442487578198294	-0.2183033397101041	-1.2521349610897674	2.7995896284769453	2.7544456052804350	-0.0347921716465549	-0.0160782543986823	3.167676321719222	992.8500759051303	
9.6564131222701320	0.1321254427762816	2.7167289121613290	0.0193467073789194	0.0892197150482034	0.5314599275809853	2.5944231038288310	2.7199874127122783	0.0090243819516699	0.0058689952862324	3.2181726336902265	980.126381870065	
10.7417546082863510	0.0942734034301301	2.7364522618782040	0.0190366583009885	0.0917764498433395	1.0679434106582675	1.8887050649634485	2.7379519068468750	0.0040850281030693	0.0319924808488781	3.069731268287044	994.5609710892984	
9.8853969506293280	0.1355419317524926	2.7260674860746263	0.0517601506752789	-0.0122811147802127	0.5594691714856507	3.0980408092518690	2.7297839974577025	-0.0119801924812605	-0.0251091478612349	3.056957590338019	975.2816085531576	
9.6282410473665330	0.1343063128479582	2.7621510615723480	0.0340674444273595	0.0152774980840529	0.9991601730054915	2.9485360862357110	2.7655765209582470	-0.0079498682580988	0.0141622634147584	3.358161702967247	1008.9230316511544	
11.2319663096381270	0.1300672474610479	2.7512232903497300	0.0457803482381731	0.0974924687679447	1.3914502247351170	2.2218652149904550	2.7544970391626005	0.0233427794299654	0.0210736423678482	3.206941825679501	992.7303753345568	
9.3974316060617850	0.0621982653937431	2.7296015836621277	0.0237817100073147	0.0616728865658580	-0.0941910735265207	1.9513034433798935	2.7300938346072394	-0.0308113839389251	-0.0282367196920159	3.125363086205497	980.5754670598593	
9.5014065675364460	0.0736163715860849	2.7480648708525233	0.0000361154870936	0.0250305828583542	0.7698252007704018	1.6102322814732952	2.7488006783804986	-0.0036176289516019	0.0369005308797052	3.1405398514801335	997.4575603565559	
10.5534616900046260	0.1123396202816243	2.7491892204777444	0.0646757064681788	0.0261330946835648	1.3400563022397105	2.0904596034459140	2.7522174415937190	0.0119816889036000	-0.0003171774707069	3.1292112095504057	999.730153449926	
10.9401365145597040	0.1018710344197865	2.7392239923719464	0.0253440861106394	0.0764160524877577	0.5230243540662041	2.0034981104714036	2.7412280964282494	0.0060436504155633	-0.0003292152150421	3.2235842198614946	987.8839748812426	
10.2599677651707350	0.1641291941472955	2.7360821976177040	-0.0026418173024981	0.1610390053647220	-0.4523841320776229	2.8373518675941340	2.7407879457198640	0.0284359581830579	-0.0190786941252534	3.267933497269833	992.0912938509747	
9.1215896301561280	0.1227644293721234	2.7181122617224530	-0.0040919516531370	0.0516653940876797	-0.2173514078562197	2.1821362624250287	2.7208115412580187	0.0191742416755143	-0.0062467532909548	3.110891555153832	988.8361722566647	
11.5282746918667000	0.1727368983288209	2.7443248227720156	0.0314199486099185	-0.0095417183009038	0.8058841464988404	4.1270372537027615	2.7498100904843157	-0.0252161202124172	0.0072522858215592	3.0757200738813073	985.9608539742244	
10.5494159029010140	-0.0132309235649852	2.7461387140385165	-0.0049681872423630	0.1485650279478971	-0.8026097813411933	-0.0104722312149517	2.7459412473240072	-0.0128158176541155	-0.0334663715766416	3.1769502892860584	1003.592235383604	
11.2850411230863890	0.0050968326274675	2.7233610070081724	-0.0506087476781378	-0.1303986070005447	-0.9249059218096544	-0.0252066824367105	2.7238205993194944	0.0062798141213918	0.0066561395974011	3.262210831363211	981.2579037120937	
11.2912786871532590	-0.0092232587898037	2.7319646636551930	-0.0936505758368193	-0.0435830288673132	-1.5619708395727412	0.1874483545213345	2.7334575040151210	-0.0181756249104950	0.0191348561646138	3.1620921431001845	998.0898774369718	
9.7685207857347560	0.0017645416884521	2.7662224234711963	-0.1021797407600218	-0.1259749815000433	-1.8880089710247698	0.1860228283375796	2.7680783011818160	-0.0072407190263268	0.0109726778130429	3.191173526579094	994.3700434963073	
8.2800345693717270	0.0705337514285716	2.7285016422365986	-0.0468116306547828	-0.0045716687510358	-0.4298085944265167	1.4825123408584457	2.7296875241899023	-0.0000833025989767	0.0263356011065288	3.153034464545504	984.9021776881527	
10.8297330295334910	0.1327407137705737	2.7342139761076534	0.0834502582751172	-0.2948672726490251	2.0862336054860466	2.6242344199749510	2.7386476308557155	0.0073303378737813	0.0162950911614916	2.959530957121712	976.3118627196842	
8.1005461075817690	0.0323446870025972	2.7239874529311290	0.0257693362219072	0.0480162908305643	0.6305054173791762	0.7152747779511070	2.7242975967069890	-0.0016594085052121	0.0042109539024582	3.1792699696559814	986.1635433866193	
10.9857957961547040	0.0465604229614249	2.7236952164758680	0.1495936238054043	0.1211462344453768	2.8219976680873220	1.6311951898012270	2.7279785710655746	-0.0310231205485901	-0.0152394003018449	3.1614471744151955	1002.0151555717915	
10.4578009716404400	0.0206385693111786	2.7613195940679090	0.0869462470689461	-0.1040965087080434	0.9159329257740727	0.5244299278047518	2.7624298617858830	-0.0045586248882985	-0.0428016198140176	3.232495327724855	980.6379623659772	
10.2663284346655330	0.0707512233137689	2.7314381790418962	-0.0065257923623285	0.0284041664382304	0.1258672515893051	1.5214484461250284	2.7323328245226755	-0.0017903721654651	0.0125290900511255	3.3558035893727824	983.1313634067743	
9.4356979768536250	0.0425458461598597	2.7549350535397990	0.0092467522744080	-0.0186357971420725	0.0854987916252599	0.9981723901468127	2.7552688969953110	-0.0054513227850122	-0.0051370230243951	3.262471096754118	986.2348732146886	
10.9960052880359200	0.0175064970697792	2.7388740485481250	0.0153802378358698	-0.0537111789176711	0.5567078973984738	1.0229013673559315	2.7387702658254100	-0.0314013192960701	0.0112013902271593	3.012319512052357	994.5779085742001	
10.3121299072895630	0.0003780749132334	2.7439189496256170	0.0032068687277418	0.1179975819273939	-0.3743355808695679	-0.0705465603007581	2.7438368905663673	0.0037130464333882	-0.0211414359848607	3.1807290866162985	990.365394448817	
8.9559887380915240	0.0607228280361656	2.7671717225143010	-0.0294892332597864	-0.0018833753654453	-0.5375359686120484	0.5266260363433549	2.7677678126475254	0.0352864387025664	0.0035243611827634	3.4891938888931664	985.9320477146507	
9.3669166691248980	-0.0405666012198778	3.1876679883555914	0.0641374310280695	0.0707349427417433	0.9990577318239544	-0.6330605281929464	3.1885553021907220	-0.0053548710860624	-0.0085365922637587	3.0292815402561386	992.6765253983302	
9.7106918135743200	0.0578481705427361	3.1986591992729200	0.0335796930703553	-0.0201318053473209	1.1140948040980811	0.8514053715512282	3.1992137635922355	0.0103019507091105	0.0286329245573812	3.1780255789323046	984.7244454869193	
9.0604112338815830	0.0780704240186933	3.2114228584959608	0.0466892192484842	0.1409708617316962	0.9889522476380490	1.7512307072039026	3.2126360830210596	-0.0200854518508584	0.0088103953321420	3.131395543104941	996.632481324209	
10.4326390094651270	0.0143566080718651	3.1805779279922850	0.0861359934527323	-0.0810757569700955	1.6780333781965058	0.8644735652793506	3.1815909431387510	-0.0336413980339373	0.0069860196758398	3.363382566894722	985.1554705346307	
9.4728442915304000	0.1407875027273316	3.2265447322177550	0.0151577053070515	-0.0224610886316391	0.3427308755549866	1.9591455639040567	3.2295046576690140	0.0303980825957319	0.0041723644578928	3.166068505303842	998.3034819078189	
10.7230737808042150	0.0391936776475179	3.1988258059371710	0.0392846451755030	0.0289713345564903	0.4484288688352124	1.0950642732741258	3.1992001058386093	-0.0219544444001326	-0.0142355055057690	3.099691550327648	987.8414454691242	
8.1184512848321970	0.0497089293135224	3.2036783147994603	-0.0152655068043161	-0.0484420289637494	-0.5950493438303316	0.7812611058747307	3.2040440247862323	0.0060368797713439	-0.0180055930772390	2.9701647790598202	1002.4935229044987	
9.7599284166255360	-0.1044996045223997	3.2054995799394790	0.0380873027172046	0.0672483252601361	1.4071848159091040	-1.7518306270958262	3.2071640744231220	-0.0064094456259994	0.0406925755173298	3.272373189681882	989.7935216736457	
11.7270160832528000	0.0049540457593254	3.2158831538176096	0.0883255013780257	-0.0825753017588870	1.0462992214664912	0.4073571349670380	3.2169137621978425	-0.0178672642172120	-0.0296142401975195	3.5274773830027892	1000.4646291189308	
9.5665802478916490	-0.0191072277590872	3.1871839303537080	-0.0453790804021230	-0.0700434885283966	-1.5341773157126775	-0.2165896974400658	3.1873058124692597	-0.0070100486886762	-0.0399783693107035	3.029556353337484	990.6366699012901	
10.5004293301374540	0.0389388547379268	3.2025678120749680	-0.0459378727096880	0.0350872694485830	-0.8537250851553341	0.3906867829091359	3.2030878054627850	0.0170994452475692	-0.0017980444556707	3.195782827023051	1002.9529893048602	
11.1605405218365960	-0.0087734993875869	3.1797591072434557	-0.0850827033630643	0.0759846587074447	-1.4068364101597903	0.0603467940746844	3.1808785279350150	-0.0121132958359885	0.0070056681857352	3.2392887144062956	990.8967101006526	
11.0636061257933420	0.0487658721828287	3.1930878270456944	-0.0967703905254245	-0.1706665319303031	-1.9563680029453943	1.2299666368055684	3.1948410953108546	-0.0197492753751699	-0.0123625173280016	3.2157726859215736	1000.3609495556774	
11.4380143708611630	0.0653918957509115	3.2137911940651325	-0.1249450295498006	0.0341004715687152	-2.2360599076371908	0.9090817102628556	3.2168515171334375	0.0143939463245105	-0.0005749045112502	3.230035826732759	987.5770418122888	
10.3450671353605230	0.0235194468318071	3.1612860521128200	-0.1637424704260470	0.1363098718963231	-2.7926908062265400	-0.1447765655703809	3.1654400645408850	0.0315299625022232	0.0094511135620795	3.370769674983705	976.7171671578905	
9.0932127720291440	0.0485975851542615	3.1681934390068450	-0.1397963500362189	-0.0101999104375289	-1.8528741291608914	0.9393968996851038	3.1714277312791110	-0.0033575886168503	0.0372730949184939	3.3306550822816186	992.3688095602319	
11.2559110402784250	0.1357725031665287	3.1810869755334474	-0.0123244318005905	-0.1920069309008656	0.1819050843174940	2.2501561870684346	3.1839097309510582	0.0106950229404224	0.0224689070341813	2.9243176457823754	1000.3439724924638	
10.6020740820388950	0.0760628618863087	3.1825991730418703	-0.0341740526325438	-0.0964569180405492	-0.8658153892289895	1.5004276298598698	3.1836525379575242	-0.0072742275444337	-0.0139471950123128	3.1207933391861595	975.2941202253494	
10.8190601400260100	-0.0295517083932180	3.1907373629983535	-0.0406496170834825	-0.0764439387669353	-0.5859624673924710	-0.0791791445494204	3.1910240084339727	-0.0251529569554404	0.0079825325591267	3.1622257878556326	988.2671562082757	
10.8316377764843210	0.0623992510642149	3.1832054567747850	-0.0490388163233081	0.0802656525135012	-0.5283733333505896	1.3318671500516899	3.1841126835453224	-0.0115784641374465	0.0196928853792280	3.317361743725816	987.247849417658	
11.2754825035808130	0.0011355366539737	3.1907848780693966	-0.0775089534069376	-0.0785999263963599	-1.0284718192073905	-0.0479913629966666	3.1916599977756626	0.0037804128268138	0.0202294956828509	3.358651338914003	982.5035260709243	
9.3378531454136870	-0.0229150700094932	3.1824759958794626	-0.0666354739592923	-0.1511047605266993	-1.2052969225325687	0.0632467628424531	3.1831462901512304	-0.0264271367783491	-0.0003912933106749	3.104368063639796	976.826007873851	
10.8178826550889580	1.4875123235412295	2.6320208446889968	0.0391466853065159	-0.0142293512187518	0.6392936193552968	-0.9137678794557833	2.6082383458516483	1.5292999714941130	-0.0096659687594310	3.345908233827228	994.6450049244083	
11.0867936589362820	0.0644628185957110	3.1674015429688850	0.0057168204264319	0.1855632637339096	0.0812766324698812	1.2313526463683850	3.1680603035003676	-0.0036218957118793	-0.0012110637375761	3.384159607843881	994.0920689351244	
10.7841384926953100	0.0437887825108809	3.1968998602186876	-0.0003054981798853	-0.0203644019255742	-0.3482437263922245	0.7039047918022091	3.1971393583952206	0.0045178905574110	-0.0191253427236409	3.295298018404692	994.7011242945777	
11.8437055215929980	0.0406225726270252	3.1886142595674130	-0.0046125415085100	-0.0144682727410749	-0.4905948373350582	0.8632718311084292	3.1887869704059866	-0.0074171364455898	-0.0226938035287995	3.1874911577406375	990.6519289921938	
12.5290457436914920	-0.0064342555563759	3.1853679930310603	-0.0541892173815283	-0.1024968532972526	-1.4981943564687437	-0.0370045180870490	3.1856993643829576	-0.0043248961572346	-0.0291200445563127	3.3258030541316015	1009.4968218681406	
8.4185941077806850	0.1227658030118055	3.1716188913784427	-0.1203235573759984	-0.0877366766648113	-2.9145257444233925	1.8547769160066390	3.1759431773682540	0.0201109688805183	-0.0411834439562820	3.061026734102738	991.9558576697028	
10.8765756477108740	0.0630061314064042	3.1648720683977350	-0.0302988516145248	-0.0835756426015065	0.7736865750212175	1.3749711033759895	3.1647749417386897	-0.0130611280876120	0.0730203903308606	3.323025352287526	952.4045935155473	
10.5898777233719660	0.1476287752850691	3.1797708801864210	0.0586850339547309	-0.1711974529658741	0.5258212822204431	2.2103497390639775	3.1835033338844700	0.0249684839536514	-0.0293962062091025	3.10762091859603	986.1024640852756	
10.6180820177577300	0.1736256188007075	3.1780751376163607	0.0481725078225313	0.0057678381347974	0.4962873152535672	3.5010745929648994	3.1830444497598465	-0.0207768405772187	-0.0206004878037301	3.073889722834507	991.5373638484584	
10.3229417099051140	0.1667375567823265	3.1980722537101470	0.0150148482870699	0.1229654559634549	0.3823371964851651	2.4930705912338520	3.2023269849041984	0.0274817706842526	0.0062954345335431	3.05124976573988	992.2345761052204	
11.2655922847387920	0.2158492004105514	3.2012344087595666	0.0343265892742567	-0.0080297880565715	0.8297057962645726	4.1337185932425875	3.2086265358754766	-0.0154731706035674	0.0121353262214195	3.176430467999427	981.0011164793849	
11.2069846856828050	0.2475249972155589	3.1685217754328880	0.0138176343963165	0.0201303620772055	-0.0826966963973106	4.0558178941055210	3.1780703539318416	0.0227945583499415	-0.0184126648919172	3.0054726780145	990.1559313545163	
10.7696382317907600	0.1472391487422694	3.1869976168858110	-0.0102956673073433	0.0002745777651480	-0.5595887970761423	2.8485807990908287	3.1903253141310300	-0.0113259425476122	-0.0208636229750909	3.3031165803570537	983.6028312877064	
11.0402299370167540	0.2630828732432724	3.2030577578878220	-0.0342946853150268	0.0475947291339093	-0.4164632119256777	4.5374917685017340	3.2139959053459908	0.0088689566921163	0.0109263912867217	3.371780117142639	992.1819589247937	
11.0000390946728520	0.2617651914347097	3.1860684476335980	-0.0203034821027093	0.1210348458379155	-0.7680131631342872	4.4011586534374170	3.1967459792090420	0.0164493162206872	-0.0225823879473668	3.1750742997110515	987.0422363165488	
12.3425730536529450	0.1085196313300593	3.2122434058110754	-0.0341872169033450	0.0675047187152049	-0.6919733505329936	2.0342477120498397	3.2142495956330600	-0.0055787715068812	-0.0046247855654219	3.0501125905724695	989.6799731919161	
9.2053565112112830	0.2182805736778866	3.1674961940618442	-0.0755919101241098	0.0184102636657533	-2.0247264198234580	3.4370528658069537	3.1755736048452120	0.0279787047468346	-0.0366354665413028	3.214228155858669	990.5952614664806	
11.1071332118426480	0.1325110135205598	3.1903829715992704	0.0102301824059216	0.0283944900744104	0.6259692933443112	2.4022288480336130	3.1930545993719273	-0.0013165901390587	0.0246560910746201	3.200924817916122	997.3407558923682	
12.3312415394229030	0.1411944279422655	3.1599549230284523	0.0299958377303462	-0.0033953572328961	0.3384916277144208	2.4149533459424406	3.1632198984328843	0.0079205472066188	-0.0113080248074150	3.145800842791392	985.3465830255834	
10.3469497989417860	0.2048065393261348	3.1811704955157620	-0.0259810570198475	-0.1103488090159150	-1.3235927860022210	3.4994634117842030	3.1874896073078250	0.0103403457066861	-0.0476396470378165	3.1564172075565295	994.0313043971152	
12.2880694468246730	0.1774097414007517	3.1740662522855970	-0.0402577054116422	0.1871551379700128	-0.4256558367344006	3.9259294891049383	3.1789760070545670	-0.0402701246835602	0.0167730950214745	3.2505024858276372	982.9225954802804	
11.6978078094106510	0.2745875693770199	3.1841170188244328	-0.0879134618258325	0.1430230197769601	-1.4687297479823970	5.1203923347663070	3.1971203393157657	-0.0106718857426632	0.0059955301778445	3.266348573846436	993.4190325715834	
10.4329246461673080	0.2115486222005156	3.1601421835554470	-0.1040807025061297	0.0334658320672391	-1.8586428482270920	3.3081893594252680	3.1687933178005600	0.0288354085075482	0.0012887026093402	2.975087761968824	979.341740456634	
11.3325936388195390	0.2462599923891470	3.1731230579241060	-0.0567612473599787	-0.0288339230352217	-0.2633745018254243	4.3143366970918820	3.1828845070402405	0.0068325009395195	0.0421342563374636	2.958194826346746	992.261872844869	
12.2437219477939100	0.4388084076903667	3.1712416629201370	0.0001909540575514	-0.1222100409450403	-0.2629183216318808	8.2975620432858830	3.2013365419901274	-0.0234081488622856	-0.0149312842453886	3.4502408735464383	980.0717823447483	
11.6877492403828570	0.2918384502693749	3.1739869293109013	-0.0485326495945727	-0.0008257465225152	-1.2744586222851315	5.0027496021466430	3.1876359934214356	0.0139440915444344	-0.0223710152626548	3.0148853193218095	989.3468745790456	
10.5482232624199630	0.1674818395869186	3.2067030166684254	-0.0728368920341264	0.0215848876664127	-1.2987556025468660	2.8665128693638207	3.2118922616888175	0.0069075782736760	0.0000347688355956	3.0132190075556644	990.0700783426471	
11.6758904988554450	0.1983170003037564	3.1859871034611440	-0.0188638556468014	0.1032275161184061	0.0278650712412666	2.6670898425445280	3.1917546111121147	0.0498863286513227	0.0203262819600080	3.0763824971814113	990.4509424163034	
12.4480294285159750	0.2304398352086305	3.1632001506767520	0.0020161011965970	-0.0891647209768651	-0.2086169198991142	4.2658596323225620	3.1715497215077050	-0.0054706058431573	-0.0135724733394952	3.1574540280893837	978.8130824741031	
9.1755354851964470	0.3683947126176065	3.1534400249731744	-0.0467738902837723	0.1308820929681158	-1.2737765505265362	6.9984269922847040	3.1750865285103913	-0.0186260977304546	-0.0237709308793448	3.15973232456307	987.2421391483879	
10.2632899405583390	-0.0135387552119010	3.1352233869417128	0.0240564134226818	-0.0439168489902667	1.5255416082971447	-1.3967532690044740	3.1341512376015963	0.0628424446218768	0.0594520137593702	3.0623221374955065	989.9774949931729	
10.7851409759980040	-0.3528049959171112	3.1101122074942410	0.1167284876820580	-0.0705646330817998	2.1375933363877206	-7.9217836533966800	3.1312333122647000	0.0792007957358658	0.0001621849345449	3.06842067492679	999.5201846391151	
9.1411900214349100	-0.2707674464343718	3.0954695632977267	0.0880320103758798	0.0967899621059065	1.8482986909336347	-5.1253142997504170	3.1085044496395904	0.0068676047101362	0.0122223065924700	3.2283056939246544	994.2912444799375	
11.8260635727327870	-0.2247363845937060	3.1132187111859406	0.1728091580641177	0.0390505725263548	3.4303474930303532	-3.6282869714500983	3.1259483647328676	-0.0272616386605296	0.0142763941800073	3.276883696317646	986.6059555831915	
11.7050809761990920	-0.3377394990816455	3.0980204797620650	0.0900986813002775	-0.0025744239276122	1.1341172289998531	-6.9502769276451010	3.1172968257917564	0.0396287031501296	-0.0284024722942517	3.236502655271547	990.7025883592016	
