10.0000000000000000	0.0000000000000000	3.2000000000000000	-0.0000000000000000	0.0000000000000000	0.0000000000000000	0.0000000000000000	3.2000000000000000	0.0000000000000000	0.0000000000000000	3.2	988.7391860311432	
12.2942048154944780	-0.0159019518544808	3.2406522198865420	0.0151968826600305	-0.0698687975955694	-0.0795185398427249	-0.2985398666156782	3.2406668738092500	0.0010076332566118	-0.0196932790956603	3.1472951176006463	973.0339361806102	
8.8532208778495250	0.0343887968019476	3.1850759558566017	0.0195891006550561	0.0111466646612383	0.1323500150966214	0.7025943943527959	3.1852949239840647	-0.0046724555179742	-0.0122303796584250	3.050379602161443	996.4323650411453	
11.2136071249557110	-0.0527278838226950	3.1888057769271043	0.0026663004343841	-0.0290519217058518	0.0976701435434135	-1.0528342507210553	3.1892361861124470	0.0058719736608069	0.0027732598794194	2.968104605813756	976.6079207714854	
8.9532484359090730	0.0030200844623523	3.2085461702081686	-0.0084705468827849	0.1195923617580653	-0.0645985597104092	-0.0446211509592637	3.2085503560988480	0.0055289717719756	0.0048415164214718	3.1703223795539888	987.755054896122	
9.8513895185294000	0.0947826310147011	3.1932625175225080	0.0034046919461628	0.0231487170391336	0.0420079991779670	1.6601500929702344	3.1946697387880407	0.0022303093292828	-0.0010633323775195	3.284860912508017	986.5795472642557	
9.6663778651618020	-0.0537163518412540	3.1810825602268684	-0.0003000210257007	0.0313282260795784	-0.0765882706496620	-0.4216061675083583	3.1813892611678054	-0.0303095374158275	-0.0039360278303028	3.1697491983942334	1016.763880291	
10.6755735369763050	0.0184234496362998	3.2137787929621053	0.0010467702184670	0.1476085230275703	0.2790356785544885	0.2676848337229371	3.2137967779463525	0.0034462018584113	0.0145959950587252	3.2784901637643205	996.1674693715727	
10.1268350645954240	-0.0183341205460894	3.1839769385016314	-0.0199577761283060	0.0498023064796138	-0.6064136689499926	-0.3954039241394874	3.1840605375769990	0.0036271397131440	-0.0137453489144500	3.3070385391299384	995.3591319065271	
9.4164486138479420	0.0093867068119895	3.1918457182072526	-0.0494576138105032	0.1519136726756992	-0.6128575979894850	0.0837996894040677	3.1922024480552870	0.0047589542879990	0.0153015571263212	2.970761154785748	986.5842367437356	
9.7827334320171800	-0.0195299633850166	3.1928583503415410	0.0151550210634890	-0.1411428220940632	0.3082810147075995	-0.0470322331758576	3.1929086309183075	-0.0169139796959965	0.0019827700775844	3.1758445631297123	1000.6155193411136	
11.2179932532103600	-0.0143715321654544	3.1957297411475460	0.0343882279805469	0.0932397125924853	0.5472722897982155	-0.1476602217960034	3.1959388460076460	-0.0061418731406669	-0.0038522187145850	3.2352699593334355	983.070786401482	
9.7531713477203200	0.0542824294237717	3.1817418815612930	-0.0533296698498203	-0.1163738030580702	-0.9800046187232060	1.3711716812577310	3.1825763997766225	-0.0218672894640083	-0.0011480191642884	3.200486100103767	1006.2013909575136	
10.5297283994435200	-0.0604623407636385	3.1955370322415617	-0.0006233331220714	0.1446556873457623	-0.3437722250389870	-1.3566528047301405	3.1960189931563200	0.0151647603827503	-0.0185912089065134	3.129217670633988	993.4403645868144	
9.4302966442828920	0.0183128938219889	3.1880016204253696	0.0094561525383219	0.0002159939634347	-0.5582568005926255	-0.0472760723424898	3.1877419677382797	0.0209432283907560	-0.0405171696987729	3.0470454943704954	993.6809268264476	
8.3232087814438920	-0.0448820336954898	3.1669207276002918	0.0118765119349486	0.1220002398906497	0.2205188070484892	-0.9795632855348022	3.1672474478642108	0.0092661258062093	0.0002937667992957	2.9747342023167644	996.7727728471918	
10.0817950052082370	0.0219198444869909	3.2044993672040270	0.1191548222070174	0.0202322872115616	2.1047070204985276	-0.1098752643426086	3.2066657095258950	0.0280645291857682	-0.0013982849842002	3.304432617769247	992.2601683979057	
9.5969705481184460	0.0236069671317208	3.2093525814958337	0.0867517729264030	-0.0607312060858500	1.3165108877301570	0.3373755352252226	3.2105819127116240	0.0047227586285235	-0.0129857104892921	3.2421773343789257	994.2477255666159	
8.7291507119368370	0.0238861908148731	3.1728672200481314	0.0451289162508669	-0.1563920780563416	1.1418124947470845	0.6342589246148498	3.1732064851807054	-0.0112872821680418	0.0180766401179400	3.402466559054977	968.7342631437692	
10.4425705358251850	0.0593790183125251	3.2083786111058794	0.0690185279473551	-0.0221226773113718	1.6348265890590060	1.2887313766833393	3.2095654238203175	-0.0128034204159358	0.0225521586600796	3.32640605215199	1012.8007864136706	
9.8956527505979000	0.0291250673200525	3.4448420290470120	0.0716837155391484	0.0321243633640820	0.2503940130346938	-0.0232332179901361	3.4451103111609536	0.0304901800444235	-0.0566455873124234	3.0939377561989403	987.4254309313355	
10.8698329741673410	0.0144720216207042	3.4460589924702485	0.0039620607797567	0.0389590051895169	0.1920541384892412	0.1274783205861461	3.4460765831217786	0.0068099576460813	0.0075845011082586	3.220000442505746	1002.683299549536	
10.5537855181202250	0.0307583400755557	3.4448131048344015	-0.0561956216527015	0.0668690221742512	-1.1592533975714494	0.4854283357096279	3.4453818806203650	0.0015562461154120	-0.0135138968057765	3.0544423594253645	995.5361370092738	
9.3578581914714470	-0.0027547728843759	3.4448966083673067	-0.0993649038561794	-0.0433234639773924	-1.7092596416871235	-0.3966016775026489	3.4462642129927965	0.0210932828630131	-0.0034150982074916	3.2625562379309896	978.7231985245755	
9.7948306398204870	-0.0332087021749677	3.4454125046584507	-0.0418290166700185	-0.0082066440380565	-0.5742611596355170	-0.7240359993853206	3.4458032255900400	0.0103307761671524	0.0072950236190123	3.1464240402481947	983.9369183428738	
9.7074376141091320	-0.0456821663840850	3.4463229030115270	-0.0165036110972210	0.2127946081109875	-0.1828007428975969	-0.7750638061099140	3.4466606400906934	0.0009608796372570	0.0055036430232050	3.2324106488106303	997.3232377125062	
11.2498687758164770	0.0430410528182568	3.4472268451686108	-0.0214184954959936	-0.1482724838090194	-0.1255169230308920	1.3446777187501640	3.4473262177747714	-0.0379022824874715	0.0137684949459551	3.074139306430939	998.2745015133042	
9.2143408906762050	-0.0530466462981345	3.4442827151715814	-0.0843710062121589	0.0315715062181570	-1.4006088748493264	-0.7616301419926558	3.4457166345982024	-0.0072585347694682	0.0001520811936731	3.2927687391484315	993.9946923102993	
11.9358324496364750	-0.0259985381415324	3.4447418767936210	-0.0345664134650564	-0.0563338784526116	-0.1223278684329878	-0.4624175448650698	3.4449054615334025	0.0017767593635058	0.0272132850730800	3.188105909237019	998.3216791768021	
9.0992406456919160	0.0703882714459025	3.4398021947550173	-0.1010036172973438	0.0694932343469765	-2.3463543176305803	0.8899025346993470	3.4417311169732250	0.0169074042854228	-0.0399554332261624	3.3559230715868607	988.0856796919799	
11.4628732136703120	0.0277360803043141	3.4399206200055360	-0.0317655954682078	-0.1018135246854411	-0.1427660833659061	0.5079127740783524	3.4400998023918996	-0.0027998578346365	0.0231889095191837	3.1213357747272577	1007.9053874838817	
9.7804373720453070	0.0769720425818589	3.4388192800668540	-0.0775993109043998	-0.0658501220678127	-1.6442168778305355	1.0415648593154812	3.4404606183058000	0.0144736506422242	-0.0211101083733265	2.976879912850944	995.2983774192783	
8.5128000412856850	-0.0561120002140470	3.4407513226753100	-0.0420978133459860	0.0164195161249192	-0.6807660563996536	-0.8913481085264771	3.4414651430585383	-0.0025793946607336	0.0012094563607668	3.076992770862185	986.0271014012906	
10.6190139432980040	-0.0245252045994439	3.4389396612282560	0.0556783028190191	-0.0374834823607930	1.5632963371728041	-0.7764973726100185	3.4391952037773170	0.0220566594808661	0.0381759966708456	3.229988894066365	986.5842738458599	
10.1583908292806360	1.8910343697389855	3.4800924230630725	0.0194871326653663	0.1102120462710130	0.4869114393582096	-1.4002787438664719	3.4328835258044880	1.9755277927755380	0.0058861843504412	3.507865270717109	992.286101387015	
8.3934155424479860	1.9416055341292464	3.4493623022366390	-0.0026819325218219	-0.0393000417964347	0.2242094744770489	-0.6641081077737203	3.4265894664308436	1.9814438321129290	0.0174500355710519	2.995263890333658	990.3184675189168	
11.9112613064810400	1.8990439989062748	3.4694199887802900	0.0994398731258538	0.0282000220774983	1.8552273797879544	-1.5792031114305602	3.4171956697364507	1.9939410463359900	0.0102134797418721	3.124720878687303	995.1484406040499	
9.1572005019914740	1.9932228206322495	3.4048661458275200	-0.0023317028526292	0.2066526793111334	-0.9733718835240092	-0.0437413065317739	3.4028919696037945	1.9956085177719276	-0.0626817958570362	3.2125740826822233	985.4274189714896	
8.9359700474996710	1.9204617588396056	3.4475639031497940	-0.0121606319583669	-0.0119321444349631	0.3405068728697029	-1.5066567374238211	3.3957448875029200	2.0104381409933720	0.0327605658266341	3.177759702111133	1006.4826083527208	
10.9512710686683530	1.8661719456127160	3.4600726450099595	0.0847071155449540	0.0794560297832467	1.4863776448962067	-2.1430887703254644	3.3889238660952310	1.9942594053148062	0.0004346098248439	3.4344340780018348	995.6567431300718	
9.2235409869388490	1.9125081351949920	3.4253449446553392	0.0429865570850359	0.0663503878179108	-0.0440736911201631	-1.3257141950761788	3.3801461910474840	1.9911909072543340	-0.0478925794647533	3.100775899585706	999.4030176492101	
8.9342692101055580	1.8815854289085927	3.4252603781115040	0.0865328495531899	-0.0446329570966828	0.8622047852996684	-1.5756160156345633	3.3731491311427110	1.9750830048777877	-0.0342400512206550	2.9664088262579424	991.663303631199	
10.2599347639729840	1.8031697040771022	3.4745381521650107	0.0845970605245082	0.0640520371759597	1.5394905324256076	-3.3099152741040783	3.3656911300935980	2.0007756840919020	0.0035908156450881	3.204895683788348	1005.4398695748778	
11.4858290403154090	1.8540380306709445	3.4310221555925295	0.0137818654180386	-0.0864290071591433	0.4175022204290813	-2.1968292645354683	3.3574418473707440	1.9841767039951193	0.0136762568780737	3.1585276418168062	991.436816536112	
9.2826002801600150	1.8070550348472045	3.4682874229084484	-0.0772261896318016	0.1043520048875528	-1.5474298485708537	-3.6772354322965994	3.3461153766466913	2.0257487827957097	-0.0168281432984770	3.21472996549579	1001.1885911362158	
9.5133370276477670	1.8089032401821197	3.4482701678256227	-0.0574365188526414	0.1418974347370053	-0.3339027625068590	-3.3428109199276883	3.3372040028365917	2.0069818746388750	0.0330187019413180	3.1861720511527873	984.283391801116	
9.0038836065823950	1.7890166155479295	3.4535074777889250	0.0242344357386813	-0.0831311204771330	0.1331043003367036	-3.7365574420306330	3.3296250190462766	2.0102970928775807	-0.0135826593564645	3.2127132874558786	997.9781757535775	
9.6280954949242050	1.7462554935071428	3.4637282325872520	0.0481072691119348	-0.0960760909757921	1.0414572376915774	-4.3652146068958930	3.3210923430805060	2.0048036025181584	0.0156202186136061	3.242558018644202	979.7885612857435	
10.8292021187353940	1.7986946817756448	3.4073683504031167	0.0428803667742469	0.1621327693163026	0.8315328224574214	-2.8819092824954966	3.3128983816378320	1.9677409727188009	-0.0003696709848733	3.100352968459367	992.1239460132485	
11.1352100769156180	1.7511760548019250	3.4423077104450504	0.0037595160649664	0.0079445036750761	-0.5780729780224430	-4.2657019061664450	3.3023103464348065	2.0023648411587420	-0.0373564048467797	3.30649179493121	982.7166634846161	
9.9645838502877610	1.8311968003812422	3.3939526020765296	-0.0866424107529641	-0.1175100961480154	-1.7754562738805044	-3.0732521446669203	3.2920006551043320	2.0105492604065063	-0.0112362129354957	3.313787992444426	987.9713551705904	
8.9449760486079680	1.7541778589327357	3.4206900380370030	-0.0805891457677365	0.0200202892961033	-1.0549722671246269	-4.2327649333445585	3.2828141005078850	2.0018761580648485	0.0194508814486707	3.3448268312963667	996.123744991838	
9.2552112655410320	1.6252229355118577	3.4767149514584332	-0.0001942430825935	-0.0661715455678836	0.3923965147761350	-6.4598699646455180	3.2717134567253440	2.0060325588230365	0.0249180970977366	3.333808718091497	999.2433037076883	
9.0158535066831770	1.7839231915926210	3.4058316941245543	0.0555949410235001	-0.1054906555438327	0.9120924121844326	-4.2327585759454270	3.2653448830161573	2.0304396222954620	0.0001218425123767	3.12937130496864	982.3039480535704	
8.4908248472216140	1.6574872847805395	3.4338639665616806	0.0849501602626228	0.0054191186294912	1.5441592211759230	-5.5816497983617674	3.2574752007872400	1.9836206030068435	0.0026437419365024	3.1325785526353536	991.8653964517983	
8.1905607057032290	1.7125026131764500	3.4100031358189007	0.1162021178345631	-0.0994080846241275	2.3209380537177964	-5.0584825828983500	3.2477694741962400	2.0064717549735995	0.0188164181603514	3.058076311858703	983.969458560137	
9.7956135588798820	1.6615212726766080	3.4272132511639620	0.1665527312781807	-0.0481451682179301	2.9471110713755753	-6.0259101925381990	3.2381388966471940	2.0121225781454015	0.0016239904463818	3.4716122822153617	1001.5938478508442	
9.9736179758090130	1.6743296619278296	3.3998001610685162	0.1026524084337095	-0.0585735466333530	1.5230597940695807	-5.4638361553541710	3.2265168229713375	1.9904589144906664	-0.0148650522264103	3.0967857000638364	978.9277929015118	
9.8495884144399430	1.6563749966487673	3.4253836880184885	0.0207276768883741	0.1466480871456523	0.4906521415343201	-6.3268785008868710	3.2220468032316870	2.0237768495728545	0.0016843909789464	3.2907763385364177	995.4120978513065	
10.2353734266646230	1.5513973894326027	3.4399405231962200	-0.0262323226547757	0.1006492481395206	-0.3358441503954689	-7.2982330503970765	3.2150896513354033	1.9758279265213925	0.0039161807689478	3.0501646369060817	981.3610950269205	
7.9768914007493805	1.5809911431535657	3.4322419214075794	-0.0508825734867712	-0.0624360754838033	-1.0614467862025878	-7.2175122406317570	3.2068082652589025	1.9996867579972784	-0.0063449066007768	3.1556504827688254	980.5656094159284	
8.5055723120346390	1.6725402774454354	3.3882015162208060	0.0502509004998885	0.0700113055343710	0.8772417076936864	-6.0236062923596645	3.1943760066742950	2.0188543898071227	-0.0038115534058883	3.2106307284239337	992.5848043403028	
9.1451333220150000	1.5922029968844846	3.3941626604496910	0.0649675475231425	0.1237667641410333	1.6864112842211640	-6.8466216304027565	3.1806832860658680	1.9855305880621146	0.0243608029624571	3.1344256648401134	985.6366149900283	
8.8702026153643840	1.5601958706885783	3.4057144592531590	0.0701229443738898	-0.1613023738416539	1.0850362384010530	-7.6431491688342890	3.1687062878895610	1.9993247956546076	-0.0044925245928006	3.1168715635775195	976.3701754143224	
10.6468294715656280	1.4196021034768904	3.4246583951618903	0.0957326102607571	-0.0201439710199693	1.0474750311281675	-9.1195212256148950	3.1575937661234530	1.9444608340617333	-0.0373317740593718	3.1117079455391567	997.3514430638808	
8.2612515338625180	1.4969872293874529	3.3949273508709930	-0.0366887156306809	-0.0316590300803167	-0.9387795355702276	-8.2947816233608760	3.1436274851245436	1.9711078812891902	-0.0137295150995958	3.429447091099872	988.3247886632532	
8.7035430873815840	1.4231042964622949	3.4064983016641060	0.0112184711555372	0.0913325428468222	0.4417500047073267	-9.3097996074122320	3.1314022487831625	1.9554554809064120	0.0098076732091300	2.9989410529914995	993.244926689456	
11.0234660249382200	1.4583919168632242	3.3939612223622695	0.0519726469425692	0.0382492054324450	1.1841551021530192	-9.1026911464608190	3.1209025106667990	1.9769731532560904	0.0112066194428677	3.3301053196648067	1001.8599646063219	
10.1885606038062590	1.3527674510700907	3.4139053308555325	-0.0901919178785638	-0.1512326851856267	-1.3482466603711707	-10.6678587079566030	3.1057467288357534	1.9613016148420892	0.0222979531109539	3.11072582695909	1003.892284365675	
8.8337914844631300	1.3957630547976240	3.3964141188165050	-0.1172306725722466	0.0395876930772853	-1.8755259605318646	-10.2224737958042290	3.0969713786804300	1.9763815401287705	0.0145151540914199	3.260368719600784	1004.8515320753015	
11.0850857628669690	1.3071914614544018	3.4206285244611620	-0.0921193584987039	-0.0025119284785048	-0.5910620452346620	-11.6724252419137960	3.0862112901906680	1.9722043637881095	0.0603723050880807	3.301472100239536	987.1106580395916	
9.5933540307477350	1.3443287894894784	3.3805992488831915	-0.1169631588408250	0.0364359850316158	-2.0393093467377965	-10.6813461802285370	3.0750733069603546	1.9476231648537965	0.0063024495758705	3.0854438964450366	977.0821788003667	
9.2738581003066720	1.3816688050398611	3.3724732847621450	-0.0842559308885715	0.1181032387460331	-1.5630081146668455	-10.4960404786487980	3.0655061611030523	1.9729024414090504	-0.0034260861032569	3.076833127615164	980.0258587769488	
10.3369926573778770	1.2487600040896730	3.3381015039552917	-0.0421953794826807	-0.0258714283965944	-0.5965634398771152	-13.3130219454538030	2.9611209787409420	1.9838638717239880	0.0122611704540272	2.871051136722613	990.4867322261692	
11.5668505506112500	1.1408396211504860	3.3194339397030364	-0.0351110360995321	-0.1790740806768755	-1.1645125837917343	-14.9728049994256760	2.9120985768721620	1.9597829245953840	-0.0179519675434927	3.1592556302407573	989.5464664493434	
8.6674560586682770	1.0272807908533652	3.3196517548869324	-0.1332795003770954	-0.0521690147130228	-2.6531248948615676	-16.8043678229576620	2.8839837200774470	1.9431398607293390	0.0015511847054202	3.11161458969686	991.155224726701	
10.6016732651831680	0.9824612868578347	3.3072362817709330	-0.0644699333473489	-0.1467484453667570	-0.5164183301429660	-17.4337092579377500	2.8614331692344916	1.9280808914317131	0.0436196061735298	3.405433504551683	982.3226568608005	
10.0216069500460850	0.9615305431032850	3.2958040876364656	-0.0737374263230339	0.1394558041820382	-1.1377954300076920	-17.6328755892142900	2.8505959777212810	1.9147453337329907	0.0124762249687547	3.197427043097162	1001.2584071877769	
9.3269584784221420	0.9455549621448514	3.2798951485889116	-0.0487951502394015	0.0105171570040268	-0.7128436192875097	-17.5697136342690500	2.8418455077387836	1.8915364173258484	0.0130931637010561	3.0681536083855097	981.5722313938977	
10.7440095445761940	1.0514030547573970	3.2359968711128180	-0.0160235919999329	-0.0963212991972455	0.1194384773773317	-15.4999513284004500	2.8372919142815296	1.8779046061570810	0.0250952631464234	3.2869066404359715	1000.9803523688146	
11.3725324838406120	0.9770214500526581	3.2815621199832490	-0.0195673045156604	-0.0540536583141787	-0.4974123923015440	-17.7198390596799950	2.8285663731676200	1.9294574299712650	-0.0031684526223615	3.071327114821837	997.1920338703127	
8.8955151082490240	0.9136400233852070	3.2826429921002944	-0.0852727834548970	-0.0920226499316820	-1.9062286229600611	-18.5096352578644400	2.8240592469979324	1.9085105443969255	-0.0056057903870713	3.1362901537188477	991.1789068305791	
8.8991320894769110	0.8815631009321216	3.2857196303915415	-0.0512857503773430	0.1404850667764637	0.1559257601492261	-19.1877789303708800	2.8132972834328847	1.9126296721975840	0.0542526563005762	2.9605723753517066	988.1194044639971	
7.1758963673822440	0.9386118939257753	3.2546671223391850	0.0276441152454699	0.0220323368447351	1.2826631354010392	-18.0398042788611300	2.8039220138504777	1.9003822234512720	0.0343992266969382	3.2728932303722003	1007.5978027537553	
10.5067638219140100	0.9424368207393489	3.2408851770808482	0.1730872757089577	0.0084524415787529	3.6966817484280727	-18.1991567381331660	2.7897888073752117	1.9074902496224755	0.0065157470161824	3.1713464249836516	986.5295649105224	
11.0106119153025030	0.8562772160258480	3.2551268198136096	0.1248465458171905	-0.1258715365752808	1.6288678115059110	-19.7947665104790500	2.7752353189651290	1.9081327938483220	-0.0417864710934054	3.3479079556187505	989.0521339994923	
9.5254766312032120	0.8503527097690790	3.2463276907823260	0.0144192252000544	-0.1452342278132633	-0.3669702685512110	-19.8886229916308250	2.7632698056129703	1.9040867281746560	-0.0272916467784819	3.337531291813443	990.8999048828042	
9.3464657770861300	0.7737609948794494	3.2533659063100730	0.0040349025029012	0.1910066215245931	0.0634406233847525	-21.1352133239731100	2.7555265241243823	1.8947644593154915	-0.0073004477722546	3.09391321830679	988.3456086653365	
10.7879116721299690	0.8647719079036357	3.2374477365691314	-0.0249564615612104	0.0856081349085913	0.5059278588189757	-19.9786707410167670	2.7468233927749743	1.9189409711560637	0.0463456881742471	3.2459459926211447	1005.616366451903	
8.6650667260998980	0.8670150056345091	3.1945840335679123	-0.0273109002428798	-0.2204804703584081	-0.9350266551090644	-19.0851833854632500	2.7355793979465544	1.8639555236487793	-0.0101595366078856	3.3783454261636345	986.7815563163327	
12.2716170086461160	0.7256976841973258	3.2030885262745326	0.0047808370288610	-0.0678087102687124	0.7002431781192126	-21.2136999044290240	2.7233017740590464	1.8355169674270229	0.0306757574962926	3.2206826135919253	987.2893318473657	
11.5696267866329680	0.7849091407085181	3.1835764258127050	-0.1015062828901320	0.0294890713191487	-2.1264795822289124	-20.6890353273721460	2.7028741711276325	1.8590362803782579	0.0002586751667807	3.2688472080708197	982.2896522819478	
10.5280489148397260	0.7225295151273368	3.1998320753003013	-0.1968611426387948	0.0103315835415919	-3.2169226091898670	-22.2861885323593580	2.6936145791869530	1.8820479298742950	0.0454379607729806	3.017833915358682	987.233708126447	
11.1192365897510130	0.6546570052435988	3.1897263625593820	-0.1524571969075823	0.0201078590651082	-2.4822706322189174	-23.0318720458959300	2.6834236601024872	1.8504436728798417	0.0356220902091871	3.113343392613986	988.9084805279097	
10.8802912496379310	0.7210258233741926	3.1652136975513483	-0.1611359244810449	-0.0876228585852976	-2.5773399550367990	-21.8733859592979170	2.6732713919912454	1.8482756960160598	0.0437925972626581	3.2582754915179506	990.2758066166001	
7.5322705589625560	0.6455335926811332	3.1621771590753390	-0.1259017347300200	-0.0980852921796400	-2.1750887259759977	-22.9579264155422800	2.6627742412275070	1.8277798805088505	0.0279874994943795	3.1765687034147185	985.718092508787	
12.5181257901222250	0.5692750062058373	3.1617664710893534	0.0470198250549801	0.0044183008429492	1.7457279238523264	-24.6442305412276300	2.6366063477836486	1.8358263698027195	0.0331756101318029	3.3334298530883415	993.4094733398979	
9.3103349513769570	0.6225890425148572	3.1172287983365230	-0.0420461295147590	-0.2183033397101041	-1.2524152075473958	-23.2159969785510820	2.6196817496783440	1.8010269615866250	-0.0083539263558652	3.166993692301263	992.9186706883257	
9.4941640520567350	0.6286130154321256	3.1306875119951580	0.0181851867364944	0.0892197150482034	0.5315517455673000	-23.8145532577512750	2.6103682806725814	1.8392000230828287	0.0031680120477989	3.2174938070783416	980.1945627789931	
10.5795085922769210	0.5620067816571427	3.1310836600355922	0.0217686341446249	0.0917764498433395	1.0682131965940170	-24.9139838381952400	2.6029129233006714	1.8287391065883680	0.0238322460492602	3.0690574084330087	994.6286492978636	
9.7231479796230950	0.5894113348921624	3.1057907484626380	0.0542121461399626	-0.0122811147802127	0.5595763795230583	-24.1196124279637500	2.5941846666884880	1.8071178855793377	-0.0284906030504400	3.0562850750924992	975.3491577718567	
9.4659937261900120	0.5629602695011736	3.1020691689025366	0.0369731625347845	0.0152774980840529	0.9993622904326410	-24.6413295306199600	2.5851140448955380	1.8050627408406943	0.0076344582546538	3.3574845182708937	1008.9910588004849	
11.0697209107170800	0.5308246176602022	3.1143543524434203	0.0486365350416114	0.0974924687679447	1.3917609284261652	-25.7385613772466440	2.5752664693923160	1.8306362971854169	0.0108018002727468	3.2062572970149854	992.7991442507557	
9.2351805238990930	0.4474288236091519	3.0822583581673966	0.0214895742580188	0.0616728865658580	-0.0942164573211388	-26.3872556763182150	2.5622275789691007	1.7706491821579569	-0.0276088352585802	3.1246637512146633	980.6457373660526	
9.3391597715741000	0.4357895675006204	3.0877734184912353	0.0039439643649762	0.0250305828583542	0.7700339639285532	-27.0391521848881500	2.5519806140357306	1.7918686314029444	0.0295726109481685	3.139860223763331	997.525794106999	
10.3912165547414280	0.4550979517510504	3.0822481983598370	0.0702366938942221	0.0261330946835648	1.3403680315618742	-26.9471434334746500	2.5423045799994206	1.8024578557269042	-0.0115929285339736	3.128542819784012	999.7972720981545	
10.7778849859158600	0.4229232068548116	3.0713562833836590	0.0252293106682084	0.0764160524877577	0.5231231613212625	-27.4372149092321360	2.5311305709637155	1.7905551337331660	-0.0045080248591514	3.2229204532810205	987.9506401833576	
10.0977126139636830	0.4655491051497285	3.0656540546566236	-0.0099988717812960	0.1610390053647220	-0.4524995702077192	-27.0048165029747120	2.5200113927588320	1.8067619830647588	-0.0149815383989788	3.2672761674110338	992.1573095821087	
8.9593365551014200	0.3976359995027620	3.0563269488771443	-0.0080071772101124	0.0516653940876797	-0.2174322433233496	-28.1163213116543100	2.5082790612441740	1.7910441918275410	-0.0031265420173649	3.110200727135099	988.9056160281563	
11.3660273967399200	0.4355589894077994	3.0095512435562504	0.0364347330146406	-0.0095417183009038	0.8061099860150881	-26.6574456400309600	2.4945004287082684	1.7395126668649263	-0.0010505262974423	3.0749973381237825	986.0335005076669	
10.3871610895806600	0.2541034179204423	3.0182392596724180	-0.0134723301807840	0.1485650279478971	-0.8025196710579220	-30.2599426566508430	2.4788950936412437	1.7403832036913855	-0.0257623434015420	3.1771503666141196	1003.5706585343935	
11.1227878660423460	0.2846079290463970	3.0206184219159000	-0.0506175380013851	-0.1303986070005447	-0.9248031969574569	-30.1216846434831740	2.4703869331060650	1.7620074066262603	0.0147566588396978	3.2625062234145807	981.2281044838419	
11.1290223371063000	0.2715487330080966	2.9980409911479367	-0.1001310440726415	-0.0435830288673132	-1.5618476309513927	-30.0564642451558400	2.4607107371367793	1.7365869878598377	0.0343951555360490	3.1622414149232645	998.0751196289582	
9.6062591926298140	0.2689294246037107	2.9941349942362080	-0.1070092687038248	-0.1259749815000433	-1.8879229781480547	-30.3156166060983560	2.4511614194706110	1.7434218642708303	0.0301045112451424	3.191170800689523	994.3705566591254	
8.1177682942542950	0.3334538632755696	2.9841160894493344	-0.0493147533547820	-0.0045716687510358	-0.4297499579814132	-29.1838027331258230	2.4430170467462240	1.7462161434823635	0.0311311530652380	3.1529883767134783	984.9068724800889	
10.6674656214573670	0.3855901399472201	2.9650025680096976	0.1013180603358312	-0.2948672726490251	2.0863745952630146	-28.3980212177797700	2.4269058146079745	1.7493706703081382	-0.0039697060964430	2.959350387988425	976.3302163243127	
7.9382798260956890	0.2524592492363580	2.9584580424978930	0.0290046610101951	0.0480162908305643	0.6305392335450057	-30.8296020349412460	2.4112050344038890	1.7329529218288293	-0.0039223584784575	3.178845660331205	986.2065510837488	
10.8235434267432640	0.2518645531976153	2.9205194555341074	0.1595322979637938	0.1211462344453768	2.8224314959158074	-30.3925277825085600	2.3967111756448640	1.6947144899455608	-0.0451501440956240	3.1609044203584915	1002.0698589439995	
10.2955427629401000	0.1947789721082388	2.9261430537611695	0.0938614328605337	-0.1040965087080434	0.9160147678452241	-31.9248855843603900	2.3817365945718270	1.7127806476520640	-0.0526804967221334	3.231883843493143	980.699493133932	
10.1040709721478430	0.2255386946834077	2.9141872313632090	-0.0057117050245471	0.0284041664382304	0.1258380672307745	-31.3267158324166200	2.3720670327090020	1.7078009356542738	0.0100748363582532	3.355157773613425	983.196285619574	
9.2734436134470160	0.1714127873176406	2.9013554500905900	0.0089872242340457	-0.0186357971420725	0.0854469383702495	-32.3199816179445300	2.3602296309800820	1.6960596942919988	-0.0049156960404930	3.261732821501683	986.3091760293008	
10.8337571240284870	0.1265308622151744	2.8729692107777230	0.0212070664374020	-0.0537111789176711	0.5568668310731585	-32.7613429995518300	2.3475956571433310	1.6610829265488090	0.0031664690726983	3.011508420118903	994.6594929327197	
10.1498772494778640	0.0874173330044205	2.8775057061506493	-0.0037682991047888	0.1179975819273939	-0.3744995553865343	-34.1146084073154000	2.3332837084511800	1.6861964743998066	-0.0149554242756478	3.179903285954325	990.4483650342333	
8.7937391995943470	0.1526515073750486	2.8981296585726644	-0.0317492091168389	-0.0018833753654453	-0.5376784409703711	-33.2321339347254800	2.3406979909973560	1.7159551536699216	0.0098406512235465	3.4885172183671176	985.9997765289788	
9.2046743173443030	0.0463587456437826	2.8658318002646763	0.0647617076261964	0.0707349427417433	0.9992161438338495	-34.5079323358242100	2.3360933551060334	1.6617228631558763	-0.0260783775391844	3.0287348923960087	992.7312303385457	
9.5484522443815380	0.1192683028092691	2.8654925704238320	0.0430327670755492	-0.0201318053473209	1.1143337060849676	-33.3249118676186900	2.3291876321030330	1.6739179352513571	0.0028528500589843	3.1775150749172067	984.7756681176631	
8.8981705933908960	0.1186322057235139	2.8358466380266990	0.0496254347928178	0.1409708617316962	0.9891489889610657	-32.8322311423262700	2.3190444844405014	1.6371956444222655	-0.0136212881690770	3.130845754328138	996.6877686116368	
10.2703968376041870	0.0414715870389768	2.8149764902603310	0.0955865572822167	-0.0810757569700955	1.6783116512392797	-34.1761234591036900	2.3073858158510720	1.6156292215035413	-0.0257339972820526	3.362761257463443	985.217991118148	
9.3106031497707200	0.1243800096518539	2.8343229940435974	0.0185023166968752	-0.0224610886316391	0.3427791988974098	-33.5680611460086900	2.2929383676272270	1.6708130191389687	-0.0041297006093350	3.1653671642874532	998.3740556687728	
10.5608362939585870	0.0119886377768764	2.7908726944700220	0.0442134639265359	0.0289713345564903	0.4485544578672724	-34.9727022038483360	2.2803160243406310	1.6094996844855325	-0.0271762643275749	3.098918515098001	987.9192051906906	
7.9562110298857850	0.0196682581097491	2.7858794215094695	-0.0161731305943815	-0.0484420289637494	-0.5951487899060771	-35.1581570999265340	2.2663593619580220	1.6202937463895992	-0.0059982994439943	2.969696070644972	1002.5401146384452	
9.5976941807750450	-0.1150154655079207	2.7588475592125900	0.0427879575922567	0.0672483252601361	1.4074041610363472	-37.8262975032955100	2.2500486561556503	1.6010833481598520	0.0106008854147496	3.27189769144625	989.8413042888221	
11.5647807278160220	-0.0675179302162127	2.7441058281614343	0.0914138493518377	-0.0825753017588870	1.0464511790258963	-36.8473230531056260	2.2377191687573914	1.5916393307797454	-0.0482609717503521	3.527372110668534	1000.4746115589755	
9.4043362250656110	-0.1254895603926630	2.7252933783832525	-0.0514708488120404	-0.0700434885283966	-1.5342338163382805	-38.2102088525937940	2.2195942197824180	1.5871314183671315	-0.0060196881147315	3.0293024832838897	990.6624204272382	
10.3381800552720070	-0.1077682146644334	2.7224014506360260	-0.0483559468494245	0.0350872694485830	-0.8537345164732479	-38.1918012491608200	2.2067670615590043	1.5985590030901367	0.0144980609223202	3.1953222137536117	1002.999583094973	
10.9982833952455610	-0.1710132380677804	2.6858091122195726	-0.0886186499320306	0.0759846587074447	-1.4069753132625842	-39.0188768446246600	2.1958889655920943	1.5580999071236050	0.0326452171717287	3.2387013170420356	990.9559088161807	
10.9013416493123360	-0.1450211067810154	2.6669896441051337	-0.1030711696254224	-0.1706665319303031	-1.9567348288518170	-38.3233961477399560	2.1844896935946556	1.5399346256248172	0.0330858967606109	3.2150873826650472	1000.4299385823709	
11.2757485685183370	-0.1555544171563152	2.6696478407310615	-0.1382949445721498	0.0341004715687152	-2.2365166211665195	-39.1135921769241860	2.1732484711340794	1.5635111521931015	0.0525948818066934	3.2292688209002405	987.6542115542087	
10.1827861642801220	-0.2125597784262188	2.6578192723979694	-0.1823785155643586	0.1363098718963231	-2.7933710245420413	-40.6373641673526600	2.1616382737889360	1.5698346287557454	0.0733899088719774	3.3699304999520985	976.8015703139548	
8.9309336763369720	-0.2125887411316120	2.6216846551860056	-0.1474524078069775	-0.0101999104375289	-1.8532965102745476	-40.0474585604032000	2.1473619992709994	1.5240962498448520	0.0783178265625242	3.3297497882459806	992.4598465468038	
11.0936367312758580	-0.1648627401224320	2.6155672016369427	-0.0045116203332670	-0.1920069309008656	0.1820731860086882	-39.2407107574756400	2.1300080195884488	1.5268231191330406	0.0163970560578116	2.923349703648056	1000.4413019798109	
10.4397898997808540	-0.2350121382677839	2.5835440748473615	-0.0328016630877795	-0.0964569180405492	-0.8660079712859900	-40.4592869964929500	2.1184890563551626	1.4976647965329760	0.0033039737709247	3.1198109395139673	975.392819655004	
10.6567736461610000	-0.3422927764056363	2.5451346558975980	-0.0425054331884309	-0.0764439387669353	-0.5861540529781388	-42.5414655410382900	2.1069820359667980	1.4685990769676402	0.0229112313942602	3.161204178314811	988.3698389143352	
10.6693491820988960	-0.2917010696633097	2.5421789760811055	-0.0590944884144980	0.0802656525135012	-0.5286191269529573	-41.6042686309420200	2.0950511299647805	1.4698960790486313	0.0377080715924926	3.3163004247617027	987.3545157166515	
11.1131923784543730	-0.3635479911286850	2.5243760023498627	-0.0748671029937753	-0.0785999263963599	-1.0287442029895673	-43.4848281648117950	2.0827664207567214	1.4733533806512296	0.0395003607083140	3.3575506815159435	982.6141435051986	
9.1755588738613230	-0.4034269156534768	2.4831871830923076	-0.0696299132748851	-0.1511047605266993	-1.2057455961212795	-43.8937010374389160	2.0701646151894186	1.4308556103649157	0.0298475405208599	3.1032283867394046	976.9405435455674	
10.6555992377330370	-0.4504617532072140	2.4676970688446560	0.0411092664650868	-0.0142293512187518	0.6395393822540021	-45.4060746411525140	2.0536197108355590	1.4409936668369230	-0.0178303639860269	3.344725450228084	994.7638830486572	
10.9245063576896530	-0.3921827467769599	2.4611396416320080	0.0026686290886460	0.1855632637339096	0.0813393178417265	-44.0901007470319260	2.0405830509600573	1.4307425232719324	-0.0044054851347872	3.382990960493493	994.2094297016209	
10.6217984272906280	-0.2381197867593232	2.5886811070464100	-0.0033974034942668	-0.0203644019255742	-0.3508068587145843	-39.9920874295138600	2.1362905680600925	1.4812701383637805	-0.0091561555836432	3.2740882380713074	996.8638356011968	
11.6813456895935060	-0.1278867058798913	2.6703624453172040	-0.0056274698110664	-0.0144682727410749	-0.4933879802949635	-37.8818752287720950	2.1861536955178030	1.5387625540791370	-0.0128097250347643	3.167560559044059	992.651314094278	
12.3666069815515470	-0.1251001021640330	2.6998612971639510	-0.0594049833312877	-0.1024968532972526	-1.5070406067498439	-38.0738593539100800	2.2033220599794560	1.5664557947228810	0.0042608352285863	3.3100295538969413	1011.0745805121387	
8.2562307409315810	-0.0683681665869805	2.7267358673181050	-0.1307022274219615	-0.0877366766648113	-2.9273974673384013	-37.7025994700407740	2.2029985607739160	1.6134482011135103	0.0206884539340170	3.0506210718450086	992.9925664007645	
10.7146126978132390	-0.1720677492016167	2.6788874270357343	-0.0233099293301940	-0.0835756426015065	0.7733075030173627	-39.3948361889982000	2.1789110591522434	1.5671340779202314	0.0550080719165941	3.3152483645643707	953.1818335847186	
10.4280142592067570	-0.1567254300983332	2.6840353261623870	0.0646578350754421	-0.1711974529658741	0.5256047356095495	-39.6038461419389240	2.1683804819379200	1.5903816822519725	-0.0400164775041909	3.1014199081114526	986.7228553802892	
10.4562749537118800	-0.1785427126950806	2.6354591479212370	0.0511350491548621	0.0057678381347974	0.4966339402779993	-39.2284860681119300	2.1547814469856794	1.5283947545930014	-0.0326129380648484	3.0686654768961112	992.0605848613011	
10.1611587236269760	-0.2301629936516925	2.6372409435630466	0.0162239907296286	0.1229654559634549	0.3828499123408954	-41.0902137103373200	2.1389588024531365	1.5598414619131935	-0.0052793022236529	3.0466691182502905	992.6936741207073	
11.1038302031952330	-0.2397069821217959	2.5767943944560763	0.0366569995294395	-0.0080297880565715	0.8307428762565648	-40.6207273466784860	2.1122497244178120	1.4956736664892107	-0.0058231658310538	3.171663391284154	981.4802603104109	
11.0452063622805850	-0.2601648434875470	2.5664981508082190	0.0124414925325105	0.0201303620772055	-0.0829314028352242	-41.6458017356047350	2.0907251965327820	1.5110809020474507	-0.0159985835550058	3.000976338158349	990.607131171922	
10.6078516391187600	-0.3964138857673146	2.4954166506890405	-0.0132885229403333	0.0002745777651480	-0.5605017930800984	-44.2296387671590700	2.0646345890393034	1.4565922550232069	-0.0069159638592785	3.2985480383673367	984.0618408768702	
10.8784528075446440	-0.3521071122975172	2.4830561991394777	-0.0363050852902529	0.0475947291339093	-0.4170516353793978	-43.4313700804434300	2.0454698864698200	1.4513821038981987	0.0202113300551696	3.3675276225825344	992.6085931801385	
10.8382631894848170	-0.3887433683985644	2.4541303478503655	-0.0204950594748575	0.1210348458379155	-0.7687514529139126	-44.3593464942889300	2.0265118913434870	1.4378637116498179	-0.0097323759147778	3.171079939207136	987.4430436691305	
12.1808011128404740	-0.5370440564819674	2.3839045546064550	-0.0346430106171467	0.0675047187152049	-0.6926930693381987	-47.4963598305390500	2.0068537690719515	1.3946608782320236	0.0087387957641637	3.0462782526364713	990.0648643971577	
9.0435688830273570	-0.4632514642409596	2.3962619668761542	-0.0831141530551585	0.0184102636657533	-2.0268987111639500	-46.1785909973107300	1.9951315568503710	1.4081494417633555	0.0121043784643507	3.211149362614289	990.9033103584322	
10.9454045068034440	-0.5407357943527625	2.3412045264025925	0.0125018602597675	0.0283944900744104	0.6263633419223528	-47.7331280650472900	1.9748324856791150	1.3688521005814072	0.0084089531199619	3.1981627826167127	997.6177275913376	
12.1695277435137000	-0.6012334539377477	2.2737452882184708	0.0275397742155439	-0.0033953572328961	0.3384075440765595	-49.7116594676106800	1.9290321497305247	1.3456353746238040	-0.0160668870830129	3.1399648303806753	985.9377207869962	
10.1852015436121410	-0.6182560173745169	2.2217793797433085	-0.0316255653046132	-0.1103488090159150	-1.3266901494427061	-50.1130636519023800	1.8993889056586668	1.3083460389286397	-0.0098345886393731	3.1501933731948886	994.6570213857843	
12.1263830765221440	-0.6971801391143232	2.1360757423842505	-0.0406205252506911	0.1871551379700128	-0.4263294518038980	-51.3774046926247500	1.8782515512774913	1.2337703972844025	0.0226156485186981	3.245175512746999	983.4562300172596	
11.5361029310184230	-0.6665053431800042	2.1268068820209973	-0.0984562571535976	0.1430230197769601	-1.4713941805737119	-50.8570236587857600	1.8614019280580785	1.2288802987891176	0.0476087590859457	3.26150573361911	993.904726419859	
10.2712425188690480	-0.7268949120323933	2.1028175826942730	-0.1066218518691843	0.0334658320672391	-1.8612356259340717	-53.0537765478662100	1.8473544943011369	1.2436876445640994	0.0459198613540364	2.970850059623377	979.7664387974249	
11.1709848686040640	-0.7696384271819486	2.0615215230376935	-0.0564006487820112	-0.0288339230352217	-0.2642654750505635	-54.1683017202237660	1.8310450599353598	1.2207826400818120	0.0485702160483314	2.9562259955698478	992.4560206936395	
12.0821550033717080	-0.7199715236566226	2.0375723711026947	0.0002186858461910	-0.1222100409450403	-0.2634834131855189	-52.1939175699192360	1.8178354189817152	1.1685450618771080	-0.0060858885295550	3.449826441655973	980.1109776270956	
11.5262182951895810	-0.8131413921063005	1.9814389706166533	-0.0551710443359568	-0.0008257465225152	-1.2746409252389890	-54.9763324634964400	1.8038518959577428	1.1559561170676990	0.0150650201294132	3.0156112777793562	989.2721663598708	
10.3867307978586340	-0.8750581270175650	1.9262389757823508	-0.0774539004276278	0.0215848876664127	-1.2986329633389890	-56.6760433779196260	1.7906970708051500	1.1288035612500986	0.0364546964454768	3.014641839615705	989.9260768361166	
11.5144186614281450	-0.8347702900387536	1.9421648972611336	-0.0201915884383800	0.1032275161184061	0.0273211753304560	-56.1253204685417700	1.7755859272678474	1.1472525130059756	0.0189713420255964	3.079176134818937	990.1681496629132	
12.2865902022902470	-0.8628362539066224	1.8917468730336960	-0.0009962035360319	-0.0891647209768651	-0.2085489500439313	-56.5408049706490000	1.7628391827616534	1.1025325016565200	-0.0037045406067650	3.160811246432438	978.4749984458454	
9.0141597697347450	-0.8642774873237625	1.8622124046466848	-0.0580494940820552	0.1308820929681158	-1.2717350286586190	-56.4916811106026100	1.7495464505547600	1.0756330355374832	0.0167675009917064	3.16571111826778	986.6373989513617	
10.1016499395413090	-0.9395259276681867	1.7809683759518150	0.0328235180985615	-0.0439168489902667	1.4963052240157710	-58.6802746911197400	1.7286568340404680	1.0330577586389250	0.0131120434214493	3.1155389104577855	984.5538847986355	
10.6229378419043560	-0.9699927140435612	1.7562326347664725	0.1269240626914340	-0.0705646330817998	2.0928719925314483	-60.1744344852706900	1.7184839940997587	1.0412500461232725	-0.0629265752897933	3.1438788703111853	991.9049789563682	
8.9790554015496230	-0.9490687583982850	1.7522103588240470	0.0932054866469997	0.0967899621059065	1.8102373706347280	-59.5870511070341140	1.7075884962519836	1.0305913002498990	-0.0410245267635621	3.28950120616586	988.1680312344296	
11.6637864387640540	-1.0043668802337269	1.6769936515171031	0.1821687295331442	0.0390505725263548	3.3681376742294450	-61.1524246548975650	1.6966345646585554	0.9842447667454686	-0.0833029201099799	3.3297588469972133	981.3077861853549	
11.5435851695530300	-0.9981817724478288	1.6499814845676850	0.0928043834196433	-0.0025744239276122	1.1141895377506799	-60.7105898811400660	1.6792673090675034	0.9507183293871283	-0.0601196033728113	3.2978796007673585	984.5225919072936	
10.5737820957659830	-1.0171861733445768	1.6428914616774850	0.0043113146473937	0.0458483789744503	-0.1779130499234769	-62.0822060699553800	1.6679936631091388	0.9754333876191158	-0.0102713035106461	3.100109025641698	989.5552032883184	
7.9653513115034840	-1.0515805068950950	1.5634358570937648	0.0002015255772410	0.1465729280687586	0.1723726776205413	-62.2509415516205900	1.6585725942091080	0.8940268318985224	0.0025011846749137	3.4016153231469723	1000.8998933272985	
12.3974912855893750	-1.0683685166503794	1.5195378187749629	0.1392956011110114	0.0805529264906112	3.0841569968745817	-63.2681371448948100	1.6428172152537956	0.8764901912389272	-0.0522137575136595	3.310989168660123	1004.8434391530939	
11.1080196477310020	-1.1002156391620461	1.4790101822937631	0.0234301444758242	-0.0060643568775837	-0.2300534725322161	-64.9175395365497800	1.6233418486111657	0.8731348158504644	-0.0298559801881864	3.131890092535463	988.3442642491837	
8.5623438391610570	-1.1171858303615398	1.4300583039668662	-0.0177607703006910	0.0767497898179804	-0.8721177055478656	-64.9716902074880500	1.6173728595445809	0.8231209176440946	-0.0079602394559923	3.0622938374217075	977.4207824678597	
9.5484788690099670	-1.1517274298147120	1.3760327194349222	0.1062305153555522	-0.0777816865375219	1.9067806621472760	-66.6188824888235400	1.6058730608793610	0.8060536517015451	-0.0517326092163522	3.117301568368939	1006.6015834134633	
7.8966686383376620	-1.1184219844966240	1.4030664483464979	0.1249377887951853	0.0762190749144628	2.1606477677986877	-65.6699836362493600	1.6007188821443843	0.8175893414553963	-0.0657219448511404	3.1372216994212723	978.1747378262465	
9.5337412159025750	-1.1260805853768845	1.3479895150474475	0.2376510016086208	0.0860392944682645	4.0346590737204540	-65.6682965373129400	1.5942554604703510	0.7640990243657034	-0.1269386612897299	3.304148680275337	985.1837176984482	
8.6441864163248640	-1.1565343870011981	1.3143933576745201	0.2021467195940068	-0.0271384399969201	3.2872025275785437	-67.0891322103431700	1.5859854089761771	0.7605183157594043	-0.1110277315219130	3.3423956344426733	1002.2715605082219	
9.2195004529912620	-1.2015214185833507	1.2491809033134584	0.1758452447109734	-0.1403448621590090	3.5506759968199075	-68.7772168147305600	1.5801040274843487	0.7297055017093750	-0.0763501257880276	2.9578905556428277	992.9965466910064	
9.8040162748506660	-1.2097501215118490	1.2256537748402994	0.1916247797795877	-0.0378071146237000	2.7518620760252140	-69.3191032139233600	1.5720472279632756	0.7195125633391450	-0.1158092084158168	3.0654452907453154	989.0113307251842	
10.6529353488225280	-1.2294442634076668	1.1816918058589616	0.1202365807133701	-0.0620737571427544	1.7463046449494977	-70.0070296202826800	1.5623172986752794	0.6902020064766237	-0.0719124795671640	3.2286608110647363	980.4414863712204	
9.9589913872915030	-1.2375889199752770	1.1566337842398360	0.0184165230869925	0.0102329853957868	-0.1892982740200797	-70.5168284825317200	1.5524266748552830	0.6776271251668493	-0.0236666949325459	3.0882810577692683	1005.2866666048069	
9.9280909831089800	-1.2422519232925375	1.1443663131694177	-0.0395166643681910	-0.0346637140904408	-0.4087228370372781	-71.0444319483501400	1.5468581190952520	0.6787641634001357	0.0288935334733671	3.3075355886084363	984.0990415350416	
8.9233622870086740	-1.2598793182840837	1.0876443333563608	-0.0284238431862756	-0.0646536722638362	-0.5453218126170517	-71.4153912550802100	1.5410198218027737	0.6293827080311806	0.0144680000668177	3.219102577978903	1013.7928712632105	
10.7096156416657080	-1.2876722685468416	1.0249287283486010	0.0335500560844701	-0.0870834624462427	0.3866062541330733	-72.7563980108653300	1.5338114724161258	0.5971848457169954	-0.0222935589972963	2.9914760213796807	995.7695685944725	
9.4295217987945130	-1.2957918796711012	0.9930061370619327	-0.0255937818827399	-0.1787151305443133	-0.9223909344873035	-73.3123859520881900	1.5265784410202234	0.5790881683820168	0.0028252411426482	3.176302887835373	986.1752822957694	
9.0772331471376940	-1.3105666635419913	0.9434706943703293	-0.0135568154779947	-0.0607767868069619	-0.1825754463188651	-73.9175318382983600	1.5206726266664319	0.5434834121995139	0.0092876875760740	3.226294695771372	980.8764715325541	
10.8546721561582340	-1.2967878995874500	0.9499429081077333	-0.0053833479030690	-0.0106331862824705	0.5673566133272936	-73.2877397802754600	1.5150560409039167	0.5369030400588526	0.0204861931886890	3.0577242846746224	978.7170901182545	
9.8263703989834700	-1.3190087734474227	0.8848017763889313	-0.0413205163425941	-0.0201052261828738	-1.0898628411582076	-74.4647702960226900	1.5083104132704384	0.4992006987348794	0.0128090829363117	3.1508695418298833	1010.9888415739008	
9.8534749356218170	-1.3400341395953859	0.8479361715821627	-0.0363920046190541	0.0605806885876644	-0.8067933177968633	-76.2147479882121500	1.5038478762838738	0.5042197307383108	0.0146851111477624	3.174545246149641	991.0225994338055	
9.1409007216114980	-1.3518644971075170	0.7856086196496448	-0.0220232808467010	-0.0781891638385122	-0.4760212883363346	-76.2957452891684500	1.4996289693888922	0.4429594673862797	0.0101691262802852	3.3515904091662345	1008.3697330569681	
9.0631863599694180	-1.3632712871563162	0.7710848580780187	0.0029726524661147	0.0485574176976175	0.5761519936990915	-77.8689886402355300	1.4948250120734867	0.4673879017645335	0.0116631886020911	3.2847293374882427	1005.4077669943123	
10.0203290273565000	-1.3583939126349451	0.7538389487140571	0.0502264564607853	0.0210493224842514	1.2932477998007905	-77.3888566413499700	1.4909636772225565	0.4390636736981806	-0.0167416561978344	3.196700627750934	993.1970698417736	
9.5379836084411270	-1.3777461181105657	0.6941478393865421	0.0215280179383539	0.0669573408796587	0.3911245480594629	-78.7723038264346500	1.4866464564444177	0.4125901709951254	-0.0118620735775983	3.1843541784901936	997.0643817525552	
9.3695001090019050	-1.3725584471264747	0.6850633718457662	0.0334703333932570	-0.0635327221493475	0.3829716974798635	-78.2603646305478100	1.4834244318332908	0.3914921847306243	-0.0231214570325288	3.5412411462227134	993.0533653071756	
10.4008906484775650	-1.3796963657299860	0.6418706174981336	0.0303599729959165	0.0205370450534645	0.6026468593348039	-78.5026901702714200	1.4801878153308885	0.3539818233587927	-0.0149190902482643	3.3637535804780407	962.5082733345198	
10.6997515016605800	-1.3860873628791937	0.6348670065083497	-0.0144462325069966	0.0480351525838547	-0.3365235487536482	-79.9022135758172900	1.4759865982286660	0.3820167146304795	0.0054569874676702	3.246116152690771	989.1247845060061	
8.3224425687156780	-1.3919511951877330	0.5710615913453313	-0.0520235798430343	-0.0253208490881903	-1.2795615255709836	-79.6271436799405900	1.4728184731736718	0.3110949618391618	0.0192767619368629	3.0832144306860854	993.5913924190215	
9.1728704039211900	-1.4050617204535700	0.5318186545706141	-0.0063567609898511	0.0869410965326310	0.5840803575036075	-81.9202027543501400	1.4657213460378717	0.3290869534715622	0.0208000208476298	3.3383713411467	989.9437063503219	
10.0702369233894600	-1.4019165720223026	0.5248818231261085	0.0761381890906142	-0.0792102679433092	1.0086451742620388	-81.6359660442814300	1.4644694591390695	0.3154428248727443	-0.0499304965143974	3.2687482425719385	989.1430211798296	
10.5820315896738480	-1.4184220184743546	0.4261211224262830	0.0400799707463015	-0.0603740699596517	0.3161351419220340	-82.5121436861246300	1.4620557456279168	0.2376778155648202	-0.0317630318208613	3.31627094271819	987.4084333998969	
10.0189087082208770	-1.4175512837907170	0.4212141527055681	-0.0299717238124354	-0.1649043239092390	-0.7541844629847116	-82.6842996351140600	1.4599157823988145	0.2372474691545556	0.0114392100725509	3.305550742820155	994.799081349412	
9.6704728893111010	-1.4129941868923332	0.4341915357306275	-0.0675343573806773	0.0341026557748027	-0.9239388097982749	-82.3688916661398700	1.4590378062705238	0.2427343907409096	0.0438685165398180	3.275573320964505	998.9333830666717	
9.6703743257187680	-1.4177167350856008	0.4087605729399670	-0.0475932206026243	-0.0358882973638414	-0.5947053530269181	-82.9399534611314100	1.4576234852069163	0.2313901041414952	0.0326106831873705	3.323753294405905	975.3036281538788	
7.9657988935393080	-1.4254814279606085	0.3575895336004372	0.0183326474432128	-0.0336368171689177	-0.0757430796718532	-83.6327672272797600	1.4563197330493820	0.1973088831582608	-0.0201420386576518	3.282387089948396	1000.7121559031484	
10.6914700087007240	-1.4345879537570185	0.2619472843153298	0.1070426841156199	0.0324869451127764	1.7222601040676600	-85.9142517130233500	1.4521678484479663	0.1590321218442222	-0.0635172197386789	3.1814479590760483	986.8369022905293	
9.3505721686135050	-1.4275409689258693	0.3081674450733551	0.0188019207254484	0.0849232092923234	0.0929493313088605	-85.2709845664910200	1.4481161924878598	0.1894027163236724	-0.0167334542606559	3.164511484862395	1006.7803192333254	
8.9823925671765070	-1.4347333034451086	0.2453315910981092	0.0373628217403019	-0.0672529419802506	0.3499158156632760	-85.9897533765652200	1.4485788476328252	0.1444263909665327	-0.0283471662918863	3.119740126027922	1004.6887523249839	
7.6968782005563305	-1.4263897871506460	0.2881461111872318	0.0564814164604378	-0.0023554938027439	0.9566779239415292	-84.2526716215541600	1.4488162096567705	0.1438579308655686	-0.0322899837137324	3.035433060917377	998.0083095000572	
10.0517173965124230	-1.4328235620247651	0.2081926217736513	0.1555904658250228	-0.0855484369708902	2.5915987505972047	-86.7407247723109800	1.4479026546664502	0.1265280853697949	-0.0900248128710663	3.2576165894388645	981.8073023211381	
9.4511900157460770	-1.4323388945449436	0.2179722748983589	0.0597130563796681	0.0255852226293192	1.1680118660337424	-86.3928455171165600	1.4441323497656810	0.1274111059095404	-0.0303387047178854	3.256236599737134	988.7651475917886	
9.6009385678149900	-1.4415688661274522	0.1135586464142143	0.0250061314312396	-0.0357708534896345	0.6211535558255857	-88.0956676221717500	1.4447325373317277	0.0655973337520826	-0.0093034376560281	3.206719642725866	987.9478517838473	
8.8504286116147280	-1.4391342444280713	0.1627692956445823	0.0028196625738354	0.0898599653256559	0.0230638132383634	-87.1929266558466900	1.4453797567885656	0.0920915360819737	-0.0023822751959596	3.213009989921763	999.7143145045503	
9.8193083445286820	-1.4394978210198155	0.1541403119623819	0.0415334596822752	0.0614952884231347	0.5570689008762767	-86.9834223520445400	1.4459502821976233	0.0781437746623444	-0.0275603457883010	3.1278699596306785	985.0172598564986	
10.7180524661160530	-1.4444293963058128	0.0689463332564618	-0.0009096689431363	0.0725188855166548	-0.1686932231421774	-88.3565038471178900	1.4458090277768014	0.0274867756669708	-0.0033819583093157	3.1079651559983916	981.4029592471471	
10.4297917361228440	-1.4428552997279833	0.0727618440526954	-0.0679975290985647	0.1117154442629323	-1.6029474517814748	-89.0790345832127300	1.4451755158627775	0.0496148478390146	0.0274856524618561	3.1446504074950368	1001.6444641138537	
10.8134853694114720	-1.4422350061530070	0.0573923353017934	-0.1137822711950959	-0.2022202348882790	-2.0789522099793776	-88.3202953991351600	1.4464752178999545	0.0148760061031059	0.0614023355139826	3.0738272807606175	1000.0792582878486	
10.6262083530677900	-1.4424413537325167	0.0340131604399160	-0.1452760825933138	0.1014783767330996	-2.6662079981513460	-89.6188183239390500	1.4478318925108750	0.0245542259485386	0.0779679115464280	3.123528865411955	961.9692991922799	
10.4978654757604220	-1.4428512273473413	0.0220740244284448	-0.1606251028559821	-0.0178005946893181	-2.5299787926162090	-89.5351852561821900	1.4486666236959347	0.0103381614511204	0.0967754425819014	3.2297711245432232	988.0397922017161	
12.0661634292869240	-1.4431648497732348	-0.0532289572573302	-0.1552731584360485	-0.0392686700150481	-2.2260550388369410	-91.0623785802984000	1.4488452084382190	-0.0265300662193088	0.0990534038507735	3.253040450246203	984.8529627164467	
11.8912038312701790	-1.4410342499954434	0.0022409791378390	-0.1890211749680815	0.0023849747125682	-3.6076434396146300	-89.9570604646182500	1.4500737907242058	0.0011650933960556	0.0979713235893594	2.9822536963798254	983.5759725739438	
9.2994728433561150	-1.4386902582454961	-0.0085185234469198	-0.2351744469097110	0.2121097341843558	-4.0805884665665830	-90.0347337530321300	1.4517828908083616	-0.0071568988047728	0.1322288230572732	3.3109460640955004	1005.5787625442034	
10.5977832188596360	-1.4366673539046837	-0.0336147373757426	-0.1611718395961581	0.0034568416718063	-1.3816755817373378	-91.3089155987907500	1.4405287644482254	-0.0007806871811808	0.1264739797267785	3.2573926941965574	991.7281198040886	
11.4017895998275540	-1.4411235419976260	-0.0143923976413032	-0.0636659900815976	0.0124434756691675	-1.1148832313017730	-90.5103838479018000	1.4421604984851617	-0.0015469085239718	0.0356127278619194	3.236007756788127	996.7264160099662	
