10.0000000000000000	0.0000000000000000	3.2000000000000000	-0.0000000000000000	0.0000000000000000	0.0000000000000000	0.0000000000000000	3.2000000000000000	0.0000000000000000	0.0000000000000000	3.2	988.7391860311432	
12.2942048154944780	-0.0159019518544808	3.2406522198865420	0.0151968826600305	-0.0698687975955694	-0.0795185398427249	-0.2985398666156782	3.2406668738092500	0.0010076332566118	-0.0196932790956603	3.1472951176006463	973.0339361806102	
8.8532208778495250	0.0343887968019476	3.1850759558566017	0.0195891006550561	0.0111466646612383	0.1323500150966214	0.7025943943527959	3.1852949239840647	-0.0046724555179742	-0.0122303796584250	3.050379602161443	996.4323650411453	
11.2136071249557110	-0.0527278838226950	3.1888057769271043	0.0026663004343841	-0.0290519217058518	0.0976701435434135	-1.0528342507210553	3.1892361861124470	0.0058719736608069	0.0027732598794194	2.968104605813756	976.6079207714854	
8.9532484359090730	0.0030200844623523	3.2085461702081686	-0.0084705468827849	0.1195923617580653	-0.0645985597104092	-0.0446211509592637	3.2085503560988480	0.0055289717719756	0.0048415164214718	3.1703223795539888	987.755054896122	
9.8373717966378200	0.0947302002158269	3.1916587882414230	0.0502521540778943	0.0231487170391336	1.1466768091432138	1.6601500929702344	3.1934297295925680	0.0022303093292828	0.0136564364217098	3.2836547711937065	986.7035481838029	
9.5942680145894740	-0.0537032220015003	3.1796578439443420	0.0485125848411949	0.0313282260795784	0.7156306175985707	-0.4216061675083583	3.1803248011235430	-0.0303095374158275	-0.0087751238300611	3.1686883984482144	1016.8703262954261	
10.5632278081455250	0.0185589161132358	3.2129005361332483	0.0315689879584139	0.1476085230275703	0.7347866911855594	0.2705290323438691	3.2130929862358224	0.0034134782891642	0.0096280538772271	3.277782948123076	996.2378485426258	
9.9913447313033520	-0.0181225713292294	3.1831269961898583	-0.0025341310508366	0.0498023064796138	-0.3444756949235354	-0.3915341508469870	3.1831342198690313	0.0036153384087095	-0.0166069537061854	3.306124038440688	995.4517636773238	
9.2676506605590580	0.0096331768835352	3.1912591254694810	-0.0394173789101802	0.1519136726756992	-0.4622341707362724	0.0882903170443507	3.1914843266030646	0.0047518051615629	0.0136582262371042	2.9700428072337246	986.6560488889578	
9.6262839413044880	-0.0192132396763556	3.1923698172475836	0.0209293582546447	-0.1411428220940632	0.3950245729561790	-0.0409935425784669	3.1924511697704827	-0.0169317938465948	0.0010390752596422	3.17538393961539	1000.661265455896	
11.0571400503273780	-0.0139945134674187	3.1953444084542264	0.0377123845277844	0.0932397125924853	0.5971888359452691	-0.1407546350173723	3.1955886452831560	-0.0061518561300652	-0.0043958841168466	3.2349196164596816	983.105806473931	
9.5897853008332850	0.0546880949571863	3.1814292249156100	-0.0514220139431467	-0.1163738030580702	-0.9514269791745449	1.3787627879822835	3.1822391897377225	-0.0218751782383191	-0.0014629660289045	3.200150885594557	1006.2351119614035	
10.3648882703505300	-0.0473185887130350	3.1954137877155255	0.0004844458222710	0.1446556873457623	-0.3273035132459537	-1.0618816341702768	3.1956870265002830	0.0118604567930596	-0.0187700951108668	3.1288868836903503	993.4735612524181	
9.2646180082076700	0.0404333574052724	3.1875063899713420	0.0100868862291715	0.0002159939634347	-0.5488360377996633	0.3771390444344506	3.1874606141550608	0.0194512989696138	-0.0406210284413618	3.0467646458511584	993.7090621847696	
8.1570503538479020	-0.0188756436079246	3.1669643145813575	0.0122380250978457	0.1220002398906497	0.2259894861842413	-0.4970138598348805	3.1670325325840594	0.0085971639328916	0.0002352407058977	2.974519114808767	996.794264375207	
9.9153614959802730	0.0497337898722867	3.2040183019301370	0.1193642634877183	0.0202322872115616	2.1079634245397845	0.3913059176186119	3.2065053989111260	0.0278502078145690	-0.0014314450021478	3.3042720851003446	992.2761994593826	
9.4303787837887130	0.0520452641743362	3.2088864271434890	0.0868747745941813	-0.0607312060858500	1.3183953838818830	0.8468359427569805	3.2104544013890030	0.0046275115720084	-0.0130061919138961	3.2420499113913746	994.260476698878	
8.5624619811184370	0.0523011838952537	3.1724254927667963	0.0451967847533860	-0.1563920780563416	1.1428706919829803	1.1484198822444829	3.1731067876895260	-0.0113415870942977	0.0180652336375991	3.4023668702777297	968.7442328928871	
10.2758286816116890	0.0884105931041137	3.2076321669308183	0.0690581197021800	-0.0221226773113718	1.6354619521950593	1.8084099792510724	3.2094883859295460	-0.0128668969146912	0.0225459252696680	3.3263289964670144	1012.8084902027479	
9.7288811556582150	0.0582604933953516	3.4444140526515350	0.0717087297937435	0.0321243633640820	0.2507499393750972	0.4530914304363250	3.4450479069270163	0.0309889880692595	-0.0566497548000286	3.0938754115047753	987.4316713547292	
10.7030439714365960	0.0395625929291800	3.4458168920321532	0.0039758677499589	0.0389590051895169	0.1922580864866179	0.5306698104892913	3.4460294576314980	0.0076515761595994	0.0075822302795809	3.2199532884771553	1002.688012098564	
10.3869859457300270	0.0533488893706862	3.4445004893654723	-0.0561877806930646	0.0668690221742512	-1.1591521243684586	0.8546957770299284	3.4453447342672560	0.0019465935879620	-0.0135153529577456	3.0544052246114854	995.5398516445848	
9.1910528090149100	0.0183301027902226	3.4448212437393773	-0.0993601284502416	-0.0433234639773924	-1.7092103784723847	-0.0503131696510678	3.4462347584586106	0.0213576867673178	-0.0034158336802500	3.262526793924512	978.7261439779941	
9.6280219576878230	-0.0104398636447587	3.4455312147029655	-0.0418267256614562	-0.0082066440380565	-0.5742302758585889	-0.3377606138175026	3.4457790372063060	0.0098706817596835	0.0072947663536794	3.1463998766802557	983.9393371812472	
9.5406272501704490	-0.0204767490889644	3.4465453443604100	-0.0165005265155017	0.2127946081109875	-0.1827823800793562	-0.3482891316748600	3.4466412407631952	0.0004947758242952	0.0055034560218292	3.232391260534609	997.3251776452561	
11.0830574602037000	0.0679089145609693	3.4468104830579610	-0.0214171687539716	-0.1482724838090194	-0.1255053320146469	1.7548590929424197	3.4473121570912720	-0.0377113365642381	0.0137683905304041	3.0741252246780686	998.2759075816541	
9.0475293707161480	-0.0285969206427605	3.4445616260154670	-0.0843704077492696	0.0315715062181570	-1.4006052302713925	-0.3557512966024903	3.4457058713352215	-0.0072090327565700	0.0001519376186278	3.2927579727894773	993.9957686365974	
11.7690193511675020	-0.0013520673166865	3.4448311094759640	-0.0345666053095128	-0.0563338784526116	-0.1223299353938575	-0.0515252607408800	3.4448968825569377	0.0017190636870049	0.0272133142337857	3.188097335173053	998.3225370744486	
8.9324311799744830	0.0973136934329326	3.4391326269555700	-0.1010016218048644	0.0694932343469765	-2.3463420377874630	1.3473574180817922	3.4417205033670220	0.0163717571672347	-0.0399556078342590	3.3559125411415227	988.0867410526001	
11.2960615855364250	0.0532746593555576	3.4396127648550360	-0.0317645731549178	-0.1018135246854411	-0.1427632698737922	0.9257062838045889	3.4400930122231173	-0.0023436111761611	0.0231888837852590	3.121328956258103	1007.90606650076	
9.6136242430192860	0.1033791561473201	3.4381220600996674	-0.0776000527964933	-0.0658501220678127	-1.6442247676096675	1.4868612658866560	3.4404572740811497	0.0141572186095325	-0.0211101076992949	2.9768765288240338	995.2987118417433	
8.3459903161129230	-0.0291472785763252	3.4410831556053756	-0.0420971153048890	0.0164195161249192	-0.6807552570899613	-0.4414751866782890	3.4414628610495640	-0.0026321105130735	0.0012094491489311	3.076990481058969	986.0273296021879	
10.4522054652307870	0.0121524540633377	3.4389718079079690	0.0556776087749063	-0.0374834823607930	1.5633200180514835	-0.1271992824510216	3.4391753110430170	0.0197621234886487	0.0381760688369261	3.2299693642444858	986.5862631192899	
9.9915804744136490	1.9479271249986125	3.4815071452429263	0.0195424250275312	0.1102120462710130	0.4869286684498354	-0.3817704679525854	3.4684914488745857	1.9710969851500872	0.0061430672293198	3.507920958543306	992.280386915036	
8.2266046599331780	1.9885986369603315	3.4496338347162130	-0.0026770259786997	-0.0393000417964347	0.2242175593319691	0.0620974543032838	3.4517501547855150	1.9848471708054778	0.0175464096363477	2.9950802717964113	990.3372958594662	
11.7444572689431550	1.9292416776220525	3.4698108228739620	0.0994095256741942	0.0282000220774983	1.8554264944002323	-1.1290187918840109	3.4325434969259945	1.9972411979108930	0.0107512827387280	3.1243681817463664	995.1841330461289	
8.9903937951376950	2.0081898742809283	3.4043911760207792	-0.0023581349499242	0.2066526793111334	-0.9735277901363234	0.1582604981989126	3.4094729869386424	1.9985652705201031	-0.0627871176248583	3.2121092309045096	985.4742924920074	
8.7691677296527000	1.9237448908064043	3.4471501319710540	-0.0121640475882224	-0.0119321444349631	0.3405591401701155	-1.4871265849010609	3.3959310915790284	2.0125517731670293	0.0327686263770417	3.17726695720149	1006.5321449719028	
10.7844687138054060	1.8617100490982164	3.4594333117013680	0.0846990383755737	0.0794560297832467	1.4865691719154674	-2.2401905259620216	3.3850758853107860	1.9955145197701380	0.0003524174795896	3.433974923320209	995.7028088523997	
9.0567370100781480	1.9037390632898800	3.4247144384277246	0.0429743157582031	0.0663503878179108	-0.0440906980974736	-1.4837382162312225	3.3742381718254557	1.9917235528337570	-0.0478774118903653	3.100382083922043	999.4424721670586	
8.7674663153629380	1.8705605368419487	3.4245348340624857	0.0865075209601685	-0.0446329570966828	0.8622805273041230	-1.7657109621041913	3.3661927371124450	1.9752184816428566	-0.0343148549232382	2.966083808811637	991.6958415537799	
10.0931300382066880	1.7911097367776831	3.4735655061238900	0.0845854957902923	0.0640520371759597	1.5396198988532623	-3.5140602264875715	3.3583117611704885	2.0006540418487755	0.0034117780927089	3.204634558932372	1005.4659977750129	
11.3190232977980700	1.8410424786834607	3.4302329145302760	0.0137883383119213	-0.0864290071591433	0.4175542403690462	-2.4164525393843737	3.3495711175863150	1.9840144476154822	0.0136152268368452	3.1583155826212317	991.458040247084	
9.1157914518879850	1.7935832450292721	3.4673359576920330	-0.0772169963104591	0.1043520048875528	-1.5475049270729302	-3.9034852661848536	3.3380604430258140	2.0254377554473090	-0.0166235491981518	3.2145605329417717	1001.2055434840435	
9.3465290903223080	1.7957524101289090	3.4473854000602820	-0.0574296495687751	0.1418974347370053	-0.3339207114219598	-3.5607061365944520	3.3294814845961270	2.0064773248743712	0.0330570443132253	3.1860443513616477	984.2961531024118	
8.8370763575062570	1.7759954375167595	3.4525841797417836	0.0242479812412498	-0.0831311204771330	0.1331083163162452	-3.9536780790595310	3.3219600151752076	2.0098461587068144	-0.0136144330202086	3.212614242748724	997.9880794625462	
9.4612886393163770	1.7332630799643400	3.4626669449996426	0.0481133224273685	-0.0960760909757921	1.0414852125497738	-4.5820938812449560	3.3134611843699378	2.0043237346961513	0.0154762515831933	3.242480943505551	979.7962686745568	
10.6623952196052370	1.7857154739413446	3.4065250746061600	0.0428908745754057	0.1621327693163026	0.8315534223495772	-3.0981466467227370	3.3053088604667690	1.9672228048708598	-0.0004876800228483	3.1002932593173043	992.1299163016946	
10.9684025153250570	1.7380308093144208	3.4412813811939310	0.0037640338826716	0.0079445036750761	-0.5780793308646293	-4.4858062242468275	3.2945990775344907	2.0018515609382765	-0.0372834132971788	3.3064430343872693	982.7215442739833	
9.7977760532777420	1.8183156871676036	3.3932633867699744	-0.0866388385115209	-0.1175100961480154	-1.7754778848912005	-3.2866767111283540	3.2845426069503200	2.0098938418177617	-0.0110111889952449	3.31375386918237	987.9747595543611	
8.7781649501473690	1.7413989900896003	3.4197253053608690	-0.0806005649705017	0.0200202892961033	-1.0550002244417618	-4.4459665976858220	3.2753725551025140	2.0012592544023280	0.0195979548524797	3.3448004622775107	996.1263818162847	
9.0884007404246020	1.6137941768969806	3.4754400512220060	-0.0001972560971618	-0.0661715455678836	0.3923811096836768	-6.6460408147710440	3.2652344329915440	2.0051535037695610	0.0248748439519522	3.3338029565715392	999.2438497436276	
8.8490422852574180	1.7704154548640882	3.4049350227093287	0.0556024036642168	-0.1054906555438327	0.9120788049806476	-4.4672117170194770	3.2571683737349110	2.0302460944038490	-0.0000169241325914	3.129343660571233	982.306760384228	
8.3240123643574220	1.6439496611626714	3.4324674120076235	0.0849481730257208	0.0054191186294912	1.5441439160995274	-5.8061503500237235	3.2496607595600215	1.9827552135974553	0.0024342882893811	3.132561644932737	991.867077111945	
8.0237467064823440	1.6995468906003346	3.4088859668667950	0.1162031764528937	-0.0994080846241275	2.3209185967386790	-5.2729084656155790	3.2403219048526886	2.0056015671888443	0.0185108965171755	3.058069078823216	983.9701700568007	
9.6288008646959720	1.6483796262153387	3.4258800580816340	0.1665628997552723	-0.0481451682179301	2.9471043175154055	-6.2470729855966916	3.2304634248999005	2.0113819482530815	0.0012176550285316	3.471602688965231	1001.5948154787361	
9.8068071657157430	1.6610837363561600	3.3985088461521507	0.1026595487192949	-0.0585735466333530	1.5230608279811535	-5.6853732247410990	3.2188267491702920	1.9896048773456296	-0.0150774789968848	3.096777992200658	978.9285641588165	
9.6827804185002150	1.6234850401927299	3.4216995602538653	0.0206842365280425	0.1466480871456523	0.4906187475400157	-6.9553360720598810	3.1999816955030003	2.0259008358616520	0.0015315719498420	3.290503680787346	995.439909237881	
10.0685679859981100	1.5045941866455840	3.4331121135076440	-0.0261777711020259	0.1006492481395206	-0.3359122694029659	-8.1223095885050220	3.1861931526707010	1.9745644288242872	0.0040294412312727	3.049820456584078	981.395773705084	
7.8100865957009450	1.5262528464237042	3.4247468974421005	-0.0508584360049899	-0.0624360754838033	-1.0615853453497010	-8.1588456362779120	3.1738779239950596	1.9968453313936240	-0.0057696912330127	3.1553065894270382	980.6001495811076	
8.3387725670541700	1.6136122344254258	3.3817643133698434	0.0502961019340752	0.0700113055343710	0.8773211842688692	-7.0211232509871910	3.1595644454168297	2.0148789884631810	-0.0043805532087985	3.2103265211938177	992.6152984940728	
8.9783333526346820	1.5367859224922817	3.3869255310573730	0.0649064369487753	0.1237667641410333	1.6865270681671050	-7.7606916412982350	3.1489289817433460	1.9801217511210645	0.0235050788164703	3.13425349351823	985.6536983704168	
8.7033999313473820	1.5070788342025507	3.3983398226958887	0.0701510114372957	-0.1613023738416539	1.0851143043317806	-8.5300846278466360	3.1379706287282354	1.9945013230972728	-0.0051120279607906	3.116758416999099	976.38144928435	
10.4800243601625000	1.3685439937752015	3.4154734494708134	0.0957781785251896	-0.0201439710199693	1.0475324137224928	-9.9766805786253950	3.1279576706403214	1.9395845064876596	-0.0379177965504185	3.111640426919749	997.3581533432802	
8.0944440182567180	1.4464112226069297	3.3870242549023430	-0.0366314708443090	-0.0316590300803167	-0.9387727466717362	-9.1455393202045270	3.1142531821691333	1.9663749937064003	-0.0133076786798441	3.429398664482252	988.3296237520145	
8.5367349559799180	1.3748985822629154	3.3979460701199553	0.0112694374342483	0.0913325428468222	0.4417606572481007	-10.1161815941411830	3.1036211872444790	1.9503730176738507	0.0095511878464189	2.9989322607679747	993.2457468333392	
10.8566572342582950	1.4122050832938327	3.3862998433458724	0.0518312616033408	0.0382492054324450	1.1841596219935258	-9.8752331796954850	3.0943395277059063	1.9720503287926914	0.0108024992498266	3.3301216182410687	1001.8582883545013	
10.0217515369694400	1.3073697558718727	3.4049065669971377	-0.0902384869812034	-0.1512326851856267	-1.3482346698013414	-11.4387396210715040	3.0792693598237166	1.9566094721835154	0.0229559598787863	3.1107400104718836	1003.8908636396799	
8.6669823642586100	1.3512284119973634	3.3881888021729070	-0.1172291214895480	0.0395876930772853	-1.8755118999604550	-10.9729247007078070	3.0712362266894178	1.9714604594528697	0.0153604742256129	3.2603923887801503	1004.849139383307	
10.9182765468134730	1.2637855150608726	3.4114511948745530	-0.0921316224344409	-0.0025119284785048	-0.5910580746310946	-12.4083661073822750	3.0609907642275074	1.9673075698693730	0.0606447507180201	3.3014997392358594	987.1078756693992	
9.4265452126526160	1.3017898660667608	3.3720927624016130	-0.1170209287331621	0.0364359850316158	-2.0392888199538026	-11.4009348108461830	3.0504589196963650	1.9426806992478380	0.0072409537936201	3.0854756078876315	977.0789870416955	
9.1070490355082520	1.3389172306912214	3.3644076005930836	-0.0841935672082708	0.1181032387460331	-1.5629947997321199	-11.2214828535856060	3.0406971421328604	1.9680394954670310	-0.0028007921280971	3.076854255301756	980.0237536359151	
10.1702691311235490	1.3233507576040182	3.3621365544656654	-0.0423449568137927	-0.0258714283965944	-0.5971028453669526	-11.5327505781280430	3.0299588378655566	1.9688133609209180	0.0116586702771125	2.879133360400465	989.6619686235878	
11.4002588904378750	1.2970435927272215	3.3645728085016820	-0.0352710158263043	-0.1790740806768755	-1.1626604204686253	-12.0476570104170420	3.0198341002790220	1.9708181806644200	-0.0198498175213168	3.1677828909169725	988.6894341584353	
8.5009736178349180	1.2190487989753183	3.3778119024376974	-0.1332102517712558	-0.0521690147130228	-2.6469080091412500	-13.3662519900303690	3.0074472315290140	1.9668970997285173	-0.0038913182750753	3.118922163602432	990.4231619385682	
10.4350850515259330	1.2088475373874619	3.3753190251982423	-0.0645199818581458	-0.1467484453667570	-0.5152161170474674	-13.3721755619740430	3.0046903398681666	1.9565996518924234	0.0425144950491779	3.4115084631874573	981.7143534034739	
9.8550115330752760	1.2069924148550983	3.3687596007465610	-0.0740131381461104	0.1394558041820382	-1.1357123430908431	-13.3162692586402010	3.0010612754194153	1.9504833612661734	0.0097857222476872	3.2023205951933997	1000.768738179242	
9.1603217905364240	1.1977958240504940	3.3546492441427285	-0.0486160174311311	0.0105171570040268	-0.7114362117983873	-13.1733738460314830	2.9937684904951160	1.9307970218086594	0.0110901029954074	3.072019269051495	981.1855623455699	
10.5773268582285120	1.3008478249316542	3.3004556139735430	-0.0161096224716238	-0.0963212991972455	0.1195746913194259	-11.2367606000436040	2.9836588624385976	1.9190096896840760	0.0255626067784761	3.289855972539842	1000.6855448990012	
11.2058465001146400	1.2228564321731300	3.3505655772448812	-0.0189533665818809	-0.0540536583141787	-0.4966534864423112	-13.4726319478990340	2.9735128492230480	1.9698282849402190	-0.0049633240085667	3.0736154233736466	996.9632189207398	
8.7288277464263930	1.1488481087454006	3.3534360739135645	-0.0851735430628446	-0.0920226499316820	-1.9048518774856170	-14.4572103777928940	2.9616247445387174	1.9496963705232850	-0.0101462571862700	3.1379746783050413	991.0106541013078	
8.7324040379275820	1.1080894827846972	3.3562452575872610	-0.0511854964261367	0.1404850667764637	0.1561793102003715	-15.2598378863219750	2.9461151026278927	1.9525131909419624	0.0544291029221331	2.9618107192374747	987.9957107257139	
7.0091482187971526	1.1637588141914940	3.3202710085309177	0.0275672772234645	0.0220323368447351	1.2823816049175432	-14.1396766566802890	2.9352681236644003	1.9396126731626548	0.0373874682121310	3.273840319539823	1007.5031263546779	
10.3399994627963620	1.1666176712508267	3.3059212386632595	0.1727805142530634	0.0084524415787529	3.6956942228428660	-14.3026261564328950	2.9203216386147735	1.9471660442992250	0.0152005326060336	3.1720854781903123	986.4556533699371	
10.8438681590591200	1.0802473818868360	3.3263833984847560	0.1249115094760274	-0.1258715365752808	1.6284407250155077	-15.8640692732205100	2.9067757422421370	1.9484792151156447	-0.0380438899552891	3.348509460296249	988.9919262724937	
9.3587460048457540	1.0730874796399401	3.3174953568996384	0.0145049545510936	-0.1452342278132633	-0.3670045379733053	-15.9929893321768700	2.8932840320458366	1.9456670098967300	-0.0281064445508415	3.337976986828641	990.8553810382879	
9.1797383982623960	0.9922814526055214	3.3288004845311954	0.0040452810590914	0.1910066215245931	0.0633974713246084	-17.2905154324445330	2.8834520049570127	1.9368021552221077	-0.0073114933682662	3.0942225909598737	988.3147484974196	
10.6211859324622750	1.0862864490203918	3.3068583979550477	-0.0247982568843057	0.0856081349085913	0.5058662767185090	-16.1064101799857580	2.8753670594629464	1.9611162045570871	0.0472564553756602	3.2462050826964703	1005.5904193784575	
8.4983441402582880	1.0904163439207188	3.2642690507631307	-0.0272528721797473	-0.2204804703584081	-0.9349752805432782	-15.1804238910489740	2.8648931622963030	1.9072079811666556	-0.0121590749484461	3.378570650765417	986.7589862271038	
12.1048931938230300	0.9490570157036207	3.2835847329741730	0.0050450708728978	-0.0678087102687124	0.7001913931213118	-17.2468759489072900	2.8544050540780437	1.8798954943554530	0.0320638109593435	3.220901379988658	987.2673667737549	
11.4029070617034960	1.0117286744841651	3.2607153930500465	-0.1010844090154720	0.0294890713191487	-2.1263228898985775	-16.6805015157865170	2.8349039586841056	1.9050909591899536	-0.0050818542781318	3.2690551363267377	982.2687817811085	
10.3613323732357300	0.9466527652627365	3.2809877054501513	-0.1967703477309249	0.0103315835415919	-3.2167051864824330	-18.3103517059134100	2.8240651685777250	1.9294975944153412	0.0380172041615254	3.0179700843639656	987.2201458115794	
10.9525133043677640	0.8776451002867199	3.2757195414653744	-0.1523315794541330	0.0201078590651082	-2.4821212536053667	-19.0419550439008300	2.8140916646710146	1.8983685312213747	0.0298222901856570	3.1134597429607305	988.8968235911506	
10.7135613547862790	0.9485459550488740	3.2473921542174650	-0.1610716889503314	-0.0876228585852976	-2.5772419489036884	-17.8293249783080300	2.8054103722593580	1.8972291876990282	0.0378599215072747	3.258406240638192	990.2626498493913	
7.3655427879958380	0.8782950581099692	3.2522422214127142	-0.1257928963252757	-0.0980852921796400	-2.1750078466821220	-18.7733391495368340	2.7993219459749907	1.8781861257043990	0.0227826381285623	3.1767578258339455	985.6990028449518	
12.3513968266378310	0.7977950883817847	3.2569337381640310	0.0470425765922195	0.0044183008429492	1.7456482136129383	-20.5177359132048700	2.7708481788236120	1.8887353456370222	0.0372363518746774	3.333532783612579	993.3992729182587	
9.1436086851240020	0.8464727394406715	3.2062959591589590	-0.0419008775131511	-0.2183033397101041	-1.2524527472868703	-19.2054638305502930	2.7496556951359460	1.8541507530708854	-0.0111401510205600	3.166968270522847	992.9214293952055	
9.3274391585550380	0.8473413573514287	3.2172785461112934	0.0183576219286268	0.0892197150482034	0.5315602555818794	-19.8988003865100680	2.7368432882293927	1.8917922004618626	0.0040874655255177	3.217390813841909	980.205029966976	
10.4127848014025040	0.7751164489145613	3.2207109640987115	0.0213654250091023	0.0917764498433395	1.0682590456611156	-21.0658887833207500	2.7267789388397880	1.8810149926592343	0.0264635810186705	3.0689196651681367	994.6425388869188	
9.5564239637284310	0.8016363733732463	3.1928381280532014	0.0543770926039211	-0.0122811147802127	0.5595933529067093	-20.2968060980073700	2.7169164843953490	1.8594097590902312	-0.0274448517241313	3.056156641644895	975.362042554023	
9.2992701241818150	0.7732981964311059	3.1903874962070886	0.0371387074669909	0.0152774980840529	0.9993975559158655	-20.8429292166827760	2.7066973838444730	1.8578587961579804	0.0095773680290270	3.3573643771217907	1009.0031133107119	
10.9029986410686380	0.7389871655264930	3.2042878244831810	0.0485348435989491	0.0974924687679447	1.3918207999661470	-21.9657945216789660	2.6956433420359236	1.8839416927193977	0.0137402677623068	3.2061423595226146	992.8106809331127	
9.0684549439563980	0.6514804445700856	3.1770792695960375	0.0214097935296772	0.0616728865658580	-0.0942260199295937	-22.6446143081316330	2.6812924717409934	1.8244496728898554	-0.0277832015844897	3.12454818394463	980.6573468076209	
9.1724373058233850	0.6364115818851181	3.1819718380019760	0.0035675033967335	0.0250305828583542	0.7700829555335069	-23.3604171845912240	2.6686026576448400	1.8459537138648456	0.0314952116226923	3.1397182745266523	997.540094407553	
10.2244985424219510	0.6527853059194230	3.1736526646296370	0.0700655051995469	0.0261330946835648	1.3404656330927290	-23.3333033526906100	2.6564572604193435	1.8564123902366487	-0.0087708206678039	3.128378667800719	999.8137948654302	
10.6111655795583200	0.6169053872775545	3.1635824605596565	0.0251833769196490	0.0764160524877577	0.5231649820680783	-23.8715298919102500	2.6434203041676874	1.8443907510734203	-0.0035067013946732	3.2227528018609126	987.967485170124	
9.9309919521025100	0.6576153688800012	3.1538029376268700	-0.0100777728262492	0.1610390053647220	-0.4525188590427855	-23.4998690141213940	2.6300050608238204	1.8606053650413397	-0.0159235641950186	3.267095523112422	992.1754752915368	
8.7926144401005960	0.5862440988682757	3.1480394658808954	-0.0077795531330507	0.0516653940876797	-0.2174508364865687	-24.6314734791409700	2.6172666129208553	1.8449379527261596	-0.0038172148089169	3.1100417548530164	988.9215496847957	
11.1993058286889510	0.6236662412550409	3.0981813059207894	0.0361900623177354	-0.0095417183009038	0.8061541766538014	-23.2032492665138650	2.6021095712655030	1.7938846025222650	0.0007193127269938	3.074845566828675	986.0487345118925	
10.2204391702757070	0.4351157960050592	3.1173758575808415	-0.0135249973613188	0.1485650279478971	-0.8025541505680021	-26.8283707472549440	2.5853887450261180	1.7951485202608706	-0.0273449485665490	3.1770107546146136	1003.5846632685469	
10.9560650713347290	0.4608253167286173	3.1149157028971120	-0.0505782005229596	-0.1303986070005447	-0.9248462716468976	-26.8202864224284880	2.5723920621350125	1.8166570898841168	0.0131931610970187	3.262291840972563	981.2497582852482	
10.9622945309597490	0.4375904144428426	3.0880236691514855	-0.0999934622019066	-0.0435830288673132	-1.5619909518418610	-26.9503427471313830	2.5561158590644560	1.7895926061106002	0.0316901203631898	3.1618948517722028	998.1101395772491	
9.4395222926401350	0.4275978295282136	3.0804817386836776	-0.1067364292321253	-0.1259749815000433	-1.8881694600489363	-27.3331607177382240	2.5423511573659443	1.7942479950573578	0.0269264995640201	3.190793578806871	994.4084917233815	
7.9510349584055010	0.4800989036421301	3.0601078779864110	-0.0492208757571732	-0.0045716687510358	-0.4297809377375990	-26.4908825327125750	2.5249604070160850	1.7946663006143320	0.0304251416366250	3.1524846773104356	984.9576695233483	
10.5007378260538800	0.5243026937559861	3.0341796099387470	0.1016085188547853	-0.2948672726490251	2.0867542962566960	-25.8400443403411100	2.5043229661116655	1.7943880774080594	-0.0011917269689460	2.958830867469631	976.3824259761799	
7.7715389481082900	0.3930668631593146	3.0367191460078370	0.0287370846484433	0.0480162908305643	0.6306968301286047	-28.1192370093047540	2.4932008762675166	1.7779010645096693	-0.0027831767527115	3.1785773141174722	986.2331027500151	
10.6568046657675190	0.3950418139700067	3.0004483492435643	0.1593751752360052	0.1211462344453768	2.8227152452702837	-27.6494026449110700	2.4793316235459650	1.7422347256781332	-0.0410077903674649	3.1607257313045776	1002.087669721067	
10.1287963214753680	0.3363954637535070	3.0088484776757016	0.0939422315329144	-0.1040965087080434	0.9161446361057400	-29.1907941614907430	2.4638467245035507	1.7612433711418878	-0.0513548271595908	3.2317365650941268	980.7142396195314	
9.9373220858760620	0.3639819664130557	2.9930383205337430	-0.0058686828281209	0.0284041664382304	0.1259041397592481	-28.6903060703575080	2.4508177390324386	1.7561834448826221	0.0103836149597383	3.3549528853651176	983.2169590253015	
9.1066918122540720	0.3061568504355201	2.9814491364476200	0.0091473574656110	-0.0186357971420725	0.0854750148167626	-29.7155140015236100	2.4376314715714310	1.7437841074138514	-0.0049436804951786	3.261539635282759	986.3285603156667	
10.6670042290422740	0.2579263760588137	2.9538600170447420	0.0210535086141691	-0.0537111789176711	0.5569267159767353	-30.2010143891872000	2.4232645845833645	1.7088095816599307	0.0041027696242551	3.0113125246883996	994.6791743503487	
9.9831218285499120	0.1753454362903940	2.9317180736562020	-0.0037309795652873	0.1179975819273939	-0.3749807527073550	-32.5945662613696100	2.3754992586743960	1.7269909552252967	-0.0153726460386483	3.1776184960315748	990.6812119932046	
8.6269854226273810	0.1848288752492034	2.9154178385537890	-0.0317501744167266	-0.0018833753654453	-0.5381563251236445	-32.8430298407955000	2.3493707219304730	1.7364311901024880	0.0097413055679830	3.48585251319491	986.267989485412	
9.0379416972214450	0.0427222949339885	2.8600999054659604	0.0647325502359278	0.0707349427417433	1.0000027902357758	-34.7288760683513200	2.3270300267236514	1.6644617435002100	-0.0261787307108507	3.0260969839641865	992.9961500438109	
9.3817185202558150	0.0982470255831529	2.8489300330420173	0.0430998238451635	-0.0201318053473209	1.1154024116445087	-33.8216175491054900	2.3125341718625380	1.6673607427834356	0.0025026811481328	3.1752121579252983	985.00644842939	
8.7314246498607860	0.0896246490400055	2.8144259070324296	0.0497212035547083	0.1409708617316962	0.9899962979960768	-33.4555324745757900	2.2992215442650323	1.6263094087915704	-0.0139985441142218	3.1289323057942813	996.8793518163785	
10.1036432965793100	0.0092187291156182	2.7905035467835190	0.0955725763651163	-0.0810757569700955	1.6793364271422664	-34.8607138119776100	2.2862812737997140	1.6026086720618495	-0.0263159312182665	3.3612106944012177	985.3731660840987	
9.1438258158492620	0.0894470286995931	2.8098752541475380	0.0185445990176374	-0.0224610886316391	0.3431352772548645	-34.2830267702019900	2.2713886185298700	1.6566589680374790	-0.0042923420839473	3.164127334047523	998.4981054957727	
10.3940491009013640	-0.0219562903812479	2.7654084622666995	0.0442996068135108	0.0289713345564903	0.4488951159453873	-35.6759207255076300	2.2595032874285357	1.5949364819739920	-0.0274045542834607	3.097963213010031	988.0147127166433	
7.7894100832855110	-0.0158718244558146	2.7596135620750064	-0.0161722610788471	-0.0484420289637494	-0.5952132853433899	-35.9006528317728740	2.2447372843965400	1.6053353144387565	-0.0057897395563805	2.9689124487824308	1002.6185594544867	
9.4308971291849200	-0.1512574864522234	2.7293903499710397	0.0428227051857416	0.0672483252601361	1.4077736948895467	-38.6120813721411300	2.2274865605851497	1.5850826524667080	0.0100449521626945	3.2712412533158934	989.9070439246118	
11.3979772411998950	-0.1064002350349829	2.7137508919166167	0.0913303296583182	-0.0825753017588870	1.0466735693996783	-37.6768671354023040	2.2141851390436620	1.5745240800499414	-0.0486233883055642	3.52681529966314	1000.5303843853144	
9.2375221594978530	-0.1660988406521511	2.6922176027289035	-0.0515144707556796	-0.0700434885283966	-1.5344604860656545	-39.0934191689876100	2.1948131331312952	1.5687717948219762	-0.0053434457060558	3.028809792680645	990.7118126253105	
10.1713715276911730	-0.1330518201267428	2.7024104706959210	-0.0483326508419915	0.0350872694485830	-0.8538536583169920	-38.6466502732979600	2.1941852953844030	1.5837919562261362	0.0146667315939617	3.1951958553255073	1003.0116899879979	
10.8314810068735330	-0.1855518437242290	2.6739816572260997	-0.0885841054850810	0.0759846587074447	-1.4070458569454392	-39.2971678260995200	2.1883519462047280	1.5499981295959366	0.0328038325012524	3.2387440377163563	990.951356301596	
10.7345450108632310	-0.1553739922810228	2.6588373641101177	-0.1031027819503015	-0.1706665319303031	-1.9567377631754668	-38.5288738156587560	2.1790284248266136	1.5345730418642078	0.0332880292680605	3.2151869401899256	1000.4198516254145	
11.1089557800929570	-0.1647015392981050	2.6623888828303940	-0.1383085124846785	0.0341004715687152	-2.2364790488318467	-39.3053862016923600	2.1681844676094784	1.5590887060646157	0.0528102843253917	3.22936044539914	987.6450224794017	
10.0160023564361800	-0.2219918472219284	2.6499452044825107	-0.1823697001592017	0.1363098718963231	-2.7932638098616525	-40.8450562293922500	2.1561523545917227	1.5653528021992156	0.0736634438826299	3.3699863436158344	976.7960187231607	
8.7641466178372800	-0.2232540361311034	2.6127116049933510	-0.1474444401967629	-0.0101999104375289	-1.8532289966719164	-40.2852603912832900	2.1410719477722306	1.5190426152482013	0.0785150048298456	3.3297620678827444	992.4586815716689	
10.9268478459031650	-0.1773391496823344	2.6053905480215542	-0.0045173223532125	-0.1920069309008656	0.1821285584165644	-39.5159592657951460	2.1227363076548890	1.5209379808926105	0.0163619795058478	2.923319170825354	1000.4444361360826	
10.2729978180295230	-0.2505663511998745	2.5700333533616070	-0.0327917005146694	-0.0964569180405492	-0.8660021922333626	-40.8183363685870700	2.1090056677852766	1.4903065425361360	0.0034251848036975	3.119699523690666	975.4041393837251	
10.4899790696065570	-0.3613361654065076	2.5270472822301240	-0.0425287625318111	-0.0764439387669353	-0.5861800662692840	-42.9966738823917750	2.0950062321687090	1.4590265170448211	0.0230433598711453	3.161009050269618	988.3895678279416	
10.5025537659825500	-0.3131631799434558	2.5226318429748250	-0.0591310888495763	0.0802656525135012	-0.5286589491300246	-42.0937481716147600	2.0823009558623466	1.4587073644556220	0.0378765392965845	3.316110147307354	987.373618271305	
10.9463967009636730	-0.3855206061847896	2.5032293689370135	-0.0748334462938409	-0.0785999263963599	-1.0287885553085026	-43.9963101335706700	2.0695819160261060	1.4613826383337007	0.0396854283162477	3.3573783433657223	982.6314254535303	
9.0087629356400620	-0.4258800196481618	2.4609067692146230	-0.0696760687907683	-0.1511047605266993	-1.2058124779768770	-44.4231814648351250	2.0566606379977490	1.4182838678537442	0.0301423748321854	3.1030742958231223	976.9559924269271	
10.4888051515769810	-0.4730478106669193	2.4444130529378500	0.0410916586633761	-0.0142293512187518	0.6395614281573867	-45.9483846703804300	2.0399328936844245	1.4279246721605916	-0.0179679954577699	3.344590729843903	994.7773851268611	
10.7577119634596730	-0.4152050062687972	2.4385693863454647	0.0027232570049466	0.1855632637339096	0.0813446612974737	-44.6250506264861100	2.0272446448254300	1.4174917064313646	-0.0044359447242975	3.3828940315570857	994.2191057405539	
10.4550518909616650	-0.4530954670349564	2.4148310956393470	-0.0036962863340054	-0.0203644019255742	-0.3484223767136897	-45.5615873455218300	2.0142220792377870	1.4069694235796701	-0.0080524449649527	3.2940130542499233	994.830224472039	
11.5146196821102580	-0.4713091602385714	2.3849860138427346	-0.0055400565616217	-0.0144682727410749	-0.4907718737526505	-45.7731221302097700	2.0012373245466044	1.3803057035928334	-0.0112533749422839	3.1861963073910706	990.7820057664309	
12.1999519496185160	-0.5203966687352637	2.3552351990171380	-0.0599214911795228	-0.1024968532972526	-1.4988412743214180	-47.0243159801268650	1.9871677460583490	1.3684269896759300	0.0103944012376101	3.3244995090629588	1009.6277711332467	
8.0895448072184660	-0.4924275918818115	2.3631249452720566	-0.1306780225804926	-0.0877366766648113	-2.9148885175564927	-47.1106078820112660	1.9731919692249547	1.3962010952251955	0.0325136906124031	3.0615639222487507	991.8989532773387	
10.5475598250437200	-0.5883378626122135	2.2862018530360295	-0.0231153333422590	-0.0835756426015065	0.7729866932443094	-49.0115355504789600	1.9431491541891988	1.3397520322659900	0.0512886796180085	3.3236354328736066	952.3432336829133	
10.2608917376871000	-0.5737182497847598	2.2938516726502733	0.0638378515723908	-0.1711974529658741	0.5254201968200428	-49.1322347175149050	1.9352648736008535	1.3593993623639111	-0.0420314187387246	3.1080564396967687	986.0589994615676	
10.2891146499495340	-0.5872638649992568	2.2466747029358776	0.0513461082221915	0.0057678381347974	0.4960382510753849	-48.6227833224590800	1.9261222654667358	1.2976533710361648	-0.0348028430909151	3.074003817056869	991.5264149864836	
9.9939878729105730	-0.6249729659086991	2.2472572564763030	0.0172167774002066	0.1229654559634549	0.3822004058936982	-50.3145714565274500	1.9160634897446767	1.3303008503874216	-0.0072906139741236	3.0510505012569045	992.2550870178867	
10.9366494535735830	-0.6155561335989460	2.2063461211120003	0.0364296225866054	-0.0080297880565715	0.8296880962319145	-49.3189498158741200	1.9053362347066891	1.2719349319948612	-0.0086624848639226	3.175960048081243	981.0487939216943	
10.8780470890661820	-0.6195858241482903	2.2085089024425253	0.0124317435368116	0.0201303620772055	-0.0828209648662458	-50.0418061707649200	1.8932681353167409	1.2949302644864784	-0.0156234379065250	3.0047810263438866	990.2257517610574	
10.4407034946600950	-0.7195608001658010	2.1402627941513956	-0.0133576955770032	0.0002745777651480	-0.5597892371089191	-52.1351809141848000	1.8818004890886195	1.2479874125881472	-0.0050337344477044	3.3023362316943556	983.68134942072	
10.7112978872593380	-0.6705465825750310	2.1467535000105054	-0.0360172885920770	0.0475947291339093	-0.4165911357679727	-51.0985672309718700	1.8701738706131330	1.2495891527709555	0.0213821711009393	3.370831035408177	992.277557356551	
10.6711060452274660	-0.6937011623161589	2.1235376348533240	-0.0193400275002269	0.1210348458379155	-0.7681898844841399	-51.8038187917943800	1.8583729768713846	1.2399153785847925	-0.0081950402115003	3.173976338495669	987.1527543224435	
12.0136387486822240	-0.8127914632403267	2.0467392055271887	-0.0339585081308447	0.0675047187152049	-0.6921646843616247	-54.6998576163160950	1.8463520262350768	1.2007513692818137	0.0102402547998146	3.048891930023702	989.8027752466326	
8.8764124796362760	-0.7501971506455335	2.0650791255217510	-0.0827618345568631	0.0184102636657533	-2.0254629943164270	-53.4976566775102500	1.8332377315148130	1.2137244744327370	0.0175897889405845	3.2130669738159248	990.711800100378	
10.7782060585487450	-0.8165601831250635	1.9990421857651641	0.0126615674865191	0.0283944900744104	0.6262616682806360	-55.0646031839624260	1.8142010321378017	1.1712095131064368	0.0065878543043062	3.1996478833677346	997.4692174486008	
12.0023100234887570	-0.8348035070137121	1.9784070996843080	0.0272038583699456	-0.0033953572328961	0.3385768190358550	-55.7380813622562500	1.8038689551406861	1.1651252914219465	-0.0164755965734904	3.144440979690247	985.4833039498642	
10.0180054894790410	-0.8225742259997547	1.9643752395739016	-0.0320896859951496	-0.1103488090159150	-1.3242293417487287	-55.4615145194136760	1.7915765836777013	1.1517947515636195	-0.0070980395619728	3.1550312877140203	994.1705568311563	
11.9591383381022980	-0.8775729896397255	1.8931062395652220	-0.0397435498422734	0.1871551379700128	-0.4258120442237294	-56.3504072400237600	1.7797682001254091	1.0897078577196546	0.0229581102543059	3.2495711904651934	983.0154127385082	
11.3688730484659130	-0.8408824580248531	1.8992451903986822	-0.0981751005920218	0.1430230197769601	-1.4692833454756513	-55.5913585747908900	1.7689353576996640	1.0918839986442124	0.0501097358542882	3.265291199671081	993.5254556818979	
10.1039913928299190	-0.8883662954183145	1.8794815494265190	-0.1061174546800964	0.0334658320672391	-1.8592110658569163	-57.6123668559136560	1.7594271701715856	1.1112960005525956	0.0484119373250324	2.9740498694612523	979.445956903429	
11.0036860817857480	-0.9214134809669361	1.8424178845942558	-0.0563731366932613	-0.0288339230352217	-0.2637558227230326	-58.5799007579198800	1.7470148249386313	1.0918947974141016	0.0488809548359893	2.958928510958342	992.1853398972269	
11.9148405059778760	-0.8724683145211342	1.8288869230720592	-0.0001027030758449	-0.1222100409450403	-0.2630476909360555	-56.4717142737450600	1.7374664127719732	1.0426921349537100	-0.0056501301065340	3.452117048607889	979.8815452769373	
11.3589030414556580	-0.9516069345730169	1.7723866753167403	-0.0552097341319567	-0.0008257465225152	-1.2736268170011555	-59.1268876360153260	1.7270503184367174	1.0329433505043190	0.0168413701119777	3.0175735550359573	989.0755794118529	
10.2194020191547330	-1.0030127038597487	1.7193191900083250	-0.0773447219259340	0.0215848876664127	-1.2977543714490660	-60.7019993459002340	1.7173775463972436	1.0085829190346522	0.0380792043883533	3.016342567586484	989.755657161623	
11.3470668517630370	-0.9631042040637862	1.7442247376776747	-0.0199390542644790	0.1032275161184061	0.0274299291822252	-60.0278582920954900	1.7056748184387023	1.0298560117012958	0.0189002170319548	3.080671312732394	990.0182851528639	
12.1192346614123140	-0.9845876596501911	1.6982956289640734	-0.0013181469398887	-0.0891647209768651	-0.2083218531687978	-60.3207958224058500	1.6963142575729904	0.9879927179734135	-0.0033119769586557	3.1621440587824985	978.3413791822254	
8.8468065436988790	-0.9820942411874510	1.6750114631067066	-0.0578998181980187	0.1308820929681158	-1.2711241994644944	-60.1493952212932100	1.6863862177794640	0.9639978127669065	0.0182929091148291	3.1669184377411534	986.5163255921954	
9.9342733973217290	-1.0452590135055606	1.5955972906676330	0.0327916657903391	-0.0439168489902667	1.4957824433590385	-62.2155985539778000	1.6688173160749074	0.9243859233301653	0.0114822891182343	3.1166557525859364	984.4418318174611	
10.4555576972024010	-1.0691112124147422	1.5755695492519320	0.1267916575904433	-0.0705646330817998	2.0921499780212910	-63.5875226691606000	1.6618961984917642	0.9356113749523618	-0.0650130292615424	3.144917292581254	991.80079837351	
8.8116792327986260	-1.0472591473283333	1.5791594388051229	0.0933291209968915	0.0967899621059065	1.8096462318036280	-62.8786902403988600	1.6541301592250120	0.9280292446920955	-0.0426815767596060	3.2904742928925486	988.0703871089364	
11.4964054227179190	-1.0932151423411750	1.5074822412758704	0.1820816529831878	0.0390505725263548	3.3671259524637710	-64.3218185150813800	1.6463333703878325	0.8848404281351440	-0.0861372964766260	3.330684950361392	981.2148362800056	
11.3762187111228510	-1.0845444247204268	1.4873639365178002	0.0927366722549236	-0.0025744239276122	1.1138436397735090	-63.7580563861376600	1.6319170722510525	0.8545264423488492	-0.0609869481854697	3.2987691490596847	984.4332913948634	
10.4064242300988180	-1.0987161230602505	1.4858441382130790	0.0043528361722650	0.0458483789744503	-0.1778771260599303	-65.0077827140352600	1.6235786466036892	0.8825073637586921	-0.0100995307649592	3.1009680822328187	989.468961440583	
7.7979933749539150	-1.1269131323834056	1.4113828992341410	0.0003354956600326	0.1465729280687586	0.1723478851254654	-65.0541086744348400	1.6170410749211397	0.8044296526391850	0.0024707729099323	3.402451361229649	1000.8159538631018	
12.2301204161094220	-1.1380261800755045	1.3734124118344390	0.1393377470560494	0.0805529264906112	3.0833444130240153	-65.9486786871655400	1.6041444249557562	0.7902903281516109	-0.0542412056113834	3.311811056529021	1004.760897605303	
10.9406642243889340	-1.1635587418092590	1.3382198587702570	0.0234899865889393	-0.0060643568775837	-0.2300332319480879	-67.4752055243346400	1.5873377602692484	0.7903955556445631	-0.0297794553091387	3.132700409075492	988.2628776835109	
8.3949911213300100	-1.1765454881646942	1.2953432068162725	-0.0175142522227692	0.0767497898179804	-0.8719557582000096	-67.4064213068092600	1.5839929038579361	0.7439011762367211	-0.0075880641807935	3.0630885894514503	977.3409783246216	
9.3811153759725040	-1.2047035705542708	1.2467841986638830	0.1060665957130589	-0.0777816865375219	1.9063167066615307	-68.9305077891464600	1.5750402481298997	0.7304118514067172	-0.0527105090643507	3.1180848320705254	1006.5229201100744	
7.7293044890617450	-1.1720769260312750	1.2817298981584102	0.1250145241335097	0.0762190749144628	2.1601031117074947	-67.8628170823331500	1.5722622590784840	0.7454896281843849	-0.0667913659041948	3.1379848905691734	978.0981111645657	
9.3663738822314450	-1.1758176645047997	1.2331336507800192	0.2377236084768926	0.0860392944682645	4.0336858195463625	-67.7390244887301100	1.5681939745603197	0.6956028938662555	-0.1287733166166548	3.304902660910732	985.1079959609301	
8.4768205759485050	-1.2014825744806554	1.2052478866998138	0.2020466054646772	-0.0271384399969201	3.2864345953314458	-69.0377892447670500	1.5621729384945593	0.6957008036215456	-0.1123466867799777	3.343142282831261	1002.1965734696635	
9.0521308939806460	-1.2403589721185266	1.1461879820522567	0.1756275851927151	-0.1403448621590090	3.5498292544381090	-70.5873855008939600	1.5586998416066910	0.6689621841871101	-0.0776319425202293	2.958650440533479	992.9201995123378	
9.6366513542052600	-1.2452289988516074	1.1303959421899694	0.1915701096534886	-0.0378071146237000	2.7511815262249852	-70.9875915607841100	1.5529654193457494	0.6631459202550893	-0.1167272349474891	3.0662173239875945	988.933764850112	
10.4855770865989500	-1.2607543959032280	1.0946218440987046	0.1201126805558298	-0.0620737571427544	1.7459359326527735	-71.5189707258406000	1.5456638393949234	0.6386021513484608	-0.0723620914411032	3.2294655215426675	980.360603556091	
9.7916395250223530	-1.2659827556725134	1.0765172208048015	0.0184178565859814	0.0102329853957868	-0.1892298597927611	-71.9100505727035300	1.5376053131524812	0.6302010865530729	-0.0236087539542551	3.089060672667284	1005.2083958293005	
9.7607394823427360	-1.2684082649963224	1.0702188684845535	-0.0395697464748916	-0.0346637140904408	-0.4085819729728968	-72.3334946867313000	1.5336179546370614	0.6347973133773473	0.0290182382505332	3.3082746903503697	984.0248669360222	
8.7560104843014110	-1.2829995364602849	1.0193503893454354	-0.0284926071501276	-0.0646536722638362	-0.5451550732690085	-72.5942362164651800	1.5293783726445893	0.5888661178472234	0.0146063005835271	3.2198195167705563	1013.7208929205148	
10.5422591056874350	-1.3070285244392208	0.9628919843422513	0.0334908281276278	-0.0870834624462427	0.3865294475163216	-73.8148741028350200	1.5238153712089526	0.5604399453691955	-0.0223596708136497	2.9921903640207543	995.6978192723965	
9.2621702542280390	-1.3125842850797385	0.9380735906643912	-0.0256989840815273	-0.1787151305443133	-0.9221684068437475	-74.2441358047530600	1.5182076630440295	0.5464034046313726	0.0029691757652704	3.1770219151834334	986.1030507440338	
8.9098788170791070	-1.3246010521074199	0.8956532001029657	-0.0136002277683592	-0.0607767868069619	-0.1825003261874263	-74.7224473420703700	1.5138265125580426	0.5149659300064716	0.0093246502906003	3.227014370069086	980.8041827631936	
10.6873146025473180	-1.3095032070104795	0.9094375767585764	-0.0053966397019125	-0.0106331862824705	0.5672499139749108	-73.9705435377072600	1.5095864995629560	0.5124796271709173	0.0204379789444337	3.058434633710436	978.6457538353183	
9.6590186019445200	-1.3288895345802590	0.8508585702218060	-0.0413214944129558	-0.0201052261828738	-1.0896400873967227	-75.0306983425867700	1.5040847443856480	0.4787255163797149	0.0128891120985229	3.151567102841904	1010.9187936298288	
9.6861217074655620	-1.3475794133831123	0.8200960049358463	-0.0363665710501253	0.0605806885876644	-0.8066319570932438	-76.6740377919330600	1.5006829828134567	0.4874258749176946	0.0147262259414584	3.175217383478386	990.9551265472676	
8.9735463464382440	-1.3575874546243927	0.7639982365723169	-0.0220417354041338	-0.0781891638385122	-0.4759016330267051	-76.6467161934106100	1.4974648031944813	0.4297884980467888	0.0101907153415187	3.35224031224051	1008.3044879793115	
8.8958283475809840	-1.3673459361267621	0.7553708673643809	0.0029780856410836	0.0485574176976175	0.5760829293346486	-78.1194920001823900	1.4935197464211802	0.4577029011179770	0.0116510367553851	3.285350252439394	1005.3454446375548	
9.8529688851215520	-1.3612152710732326	0.7440801819864422	0.0502261005041760	0.0210493224842514	1.2930560560250748	-77.5381037031532100	1.4904640137330292	0.4328062815627519	-0.0167552680211159	3.197298925208078	993.1370093787255	
9.3706261715201330	-1.3791776570073748	0.6899124720827481	0.0215293945455514	0.0669573408796587	0.3910673023653712	-78.8281419685592500	1.4868274363201741	0.4096062176096539	-0.0118602130785841	3.1849263981305835	997.0069460980126	
9.2021428190019390	-1.3729875096760669	0.6856098949584040	0.0334699000410088	-0.0635327221493475	0.3829054786787520	-78.2379415063503700	1.4841089369304052	0.3913592608231454	-0.0231183107380215	3.541773100693335	992.9999970244437	
10.2335331396320260	-1.3790773618313026	0.6475860170230160	0.0303595271778867	0.0205370450534645	0.6025498658046021	-78.3903345846108400	1.4814228764530732	0.3568020431104675	-0.0149091717906404	3.364266828509673	962.4567492517278	
10.5323971710991020	-1.3844817531891118	0.6459001704770029	-0.0144496704331907	0.0480351525838547	-0.3364526024760794	-79.6996981540744500	1.4777206812965757	0.3879400278867827	0.0054471040959953	3.2466155445504397	989.074644365939	
8.1550906684367530	-1.3895598798270747	0.5869779610011250	-0.0520169399788506	-0.0253208490881903	-1.2793460497024318	-79.3442932988543500	1.4749285661891410	0.3199084035863429	0.0192324289916293	3.0836929099519357	993.5433645150766	
9.0055126854518570	-1.4023669905943827	0.5526015678379615	-0.0063744504705592	0.0869410965326310	0.5839805518183491	-81.5558418730204400	1.4681703381254734	0.3407118801639936	0.0208224798756003	3.338834269246684	989.8972292163011	
9.9028785875970700	-1.3983447162242553	0.5500637311496881	0.0761580262404013	-0.0792102679433092	1.0084999107355568	-81.1987556797015900	1.4671563945540465	0.3296990990889037	-0.0498870389838813	3.269183916090509	989.0993033698273	
10.4146755769243470	-1.4150839497100387	0.4558621410811150	0.0401024427087842	-0.0603740699596517	0.3161055987006572	-82.0000400476839700	1.4649549750781440	0.2545187242294792	-0.0317525167447490	3.316688024807128	987.3665683843734	
9.8515553152253150	-1.4135666363281643	0.4551245738455602	-0.0299109859175044	-0.1649043239092390	-0.7540731570944995	-82.1031153481679600	1.4629585425719813	0.2565659652851210	0.0113968552574155	3.305943693146841	994.7596492568265	
9.5031191728314040	-1.4080379962451880	0.4716656608109983	-0.0675484077063532	0.0341026557748027	-0.9238293084825172	-81.7288606515625400	1.4621440270491535	0.2642285313875216	0.0438224737706857	3.275933491767139	998.8972575265115	
9.5030192475468630	-1.4125491739865240	0.4498557279675617	-0.0475841842606970	-0.0358882973638414	-0.5946475253277140	-82.2396601476740300	1.4607715067162124	0.2549792307984770	0.0325852195704647	3.324090882084995	975.269754480132	
7.7984428629059380	-1.4205364802414002	0.4025046368755854	0.0183542805237997	-0.0336368171689177	-0.0757196083773371	-82.8695461860313600	1.4594871230103625	0.2230739411838203	-0.0201521350772370	3.2827119102906606	1000.6795493071425	
10.5241102327052420	-1.4314178016324990	0.3106432992461191	0.1070233603410621	0.0324869451127764	1.7220748425761019	-85.0902166282347300	1.4553126087390810	0.1869566963725061	-0.0634238628763020	3.1817610244046426	986.8054734511827	
9.1832161534089760	-1.4228393983571160	0.3596934306306319	0.0187570782190108	0.0849232092923234	0.0929396768327111	-84.4006383485642400	1.4511747582671470	0.2191235777356551	-0.0167279463174856	3.164795745100301	1006.7518113184111	
8.8150363076320650	-1.4308753060509227	0.2996719469194621	0.0373976700277513	-0.0672529419802506	0.3498794478854576	-85.0745323707177900	1.4515224914973481	0.1757440548052072	-0.0283281986416854	3.1200006523345967	1004.6626211522715	
7.5295214893391710	-1.4203415479837858	0.3447879125349909	0.0564825787626871	-0.0023554938027439	0.9565984776109514	-83.2971285191745000	1.4516178192432474	0.1766495524021747	-0.0322450268178950	3.03567000805739	997.9845465348335	
9.8843589415484840	-1.4290424871182965	0.2677784407626746	0.1556407611391284	-0.0855484369708902	2.5913967757287320	-85.7366243266346100	1.4505544073748040	0.1609350118394014	-0.0899088597652398	3.2578457284753832	981.7842978149981	
9.2838345433131340	-1.4276659265558820	0.2801611782580200	0.0597019128628002	0.0255852226293192	1.1679343020979498	-85.3461127599997100	1.4466067380665923	0.1633883482842380	-0.0302951328821347	3.256452884312626	988.7434423723392	
9.4335840866386100	-1.4394563399879177	0.1785647547373241	0.0250306730187284	-0.0357708534896345	0.6211096010585991	-87.0047877081402700	1.4470066887829491	0.1031114268413214	-0.0092810144776417	3.2069275897679286	987.9269775507469	
8.6830750692993800	-1.4351129022507592	0.2291600130465107	0.0027554569891083	0.0898599653256559	0.0230518914332961	-86.0826739538345900	1.4474165110204298	0.1305784648767599	-0.0023779119343169	3.2131867708245943	999.6966074362973	
9.6519546916712890	-1.4351217501581084	0.2217881646791249	0.0414894405524316	0.0614952884231347	0.5570330670391375	-85.8517683821613100	1.4477405385078320	0.1173651451173508	-0.0275419192976118	3.1280243233927596	985.0017899056014	
10.5506997470085100	-1.4422957011544855	0.1385607962478826	-0.0009621375841702	0.0725188855166548	-0.1686897091607401	-87.1919972716153000	1.4473484961489930	0.0677331740381560	-0.0033848728561810	3.1081132183920532	981.388096608252	
10.2624400781052340	-1.4408350788836086	0.1432100458529514	-0.0680786353948147	0.1117154442629323	-1.6028826310756750	-87.9044615645418200	1.4464469481168705	0.0904825537562106	0.0274531623152187	3.14477363415587	1001.6321259836593	
10.6461332558250810	-1.4397368767400416	0.1277236026426305	-0.1136378513253765	-0.2022202348882790	-2.0788770127512253	-87.1500345959195900	1.4474783189923714	0.0557645577686423	0.0613676161743030	3.0739205512420225	1000.0699370762896	
10.4588550288336640	-1.4411123367280650	0.1036411159113960	-0.1453467041500102	0.1014783767330996	-2.6661304876168770	-88.4624203474179200	1.4485729689181617	0.0650731325480651	0.0779342897860627	3.1235926592228607	961.9629378498303	
10.3305100114419320	-1.4415281864307100	0.0901524723457942	-0.1606095892292424	-0.0178005946893181	-2.5299188176180607	-88.4075476654495700	1.4491593128137787	0.0500275895850578	0.0967519873804253	3.2298037025265356	988.0365691038468	
11.8988075267104850	-1.4441629840902372	0.0125439462118361	-0.1552417873347922	-0.0392686700150481	-2.2259871538224876	-89.9759312530403700	1.4491081115735311	0.0118694068631410	0.0990398197211424	3.253042569101076	984.8527980897545	
11.7238497380214090	-1.4403685013834886	0.0594713790967330	-0.1890156294107033	0.0023849747125682	-3.6075827838858300	-89.0356059492220300	1.4502029919235448	0.0352241084988895	0.0979577320448280	2.9822204391798883	983.5793694636617	
9.1321075553803880	-1.4383675285726079	0.0373597555445495	-0.2352730627646124	0.2121097341843558	-4.0806202108690400	-89.3073599941372400	1.4518088292701010	0.0204588715339439	0.1322228061946889	3.310883937357944	1005.5850478204784	
10.4304192160148100	-1.4371467195097885	-0.0009288940112404	-0.1611701476901999	0.0034568416718063	-1.3816519639684004	-90.8071949882282500	1.4404855332433013	0.0193249841111026	0.1264727095233571	3.257310668519522	991.7363903110536	
11.2344252536203920	-1.4412616422018196	-0.0090383418050970	-0.0636679402141522	0.0124434756691675	-1.1148672572510440	-90.5190683198816400	1.4422503189776088	0.0040266243631007	0.0356121218296306	3.2360959239672202	996.7172866054931	
9.5415088435656200	-1.4417562210741010	0.0301295513694401	-0.0925836181014167	0.1181618794262668	-1.6909299059095528	-89.1696458834784500	1.4441454648356462	0.0093356702676062	0.0499723810482830	3.1910948158523276	996.3221713343601	
9.7780306767324130	-1.4415722420445870	0.0578392290635697	-0.0031037213787028	-0.1059038460998651	-0.0611661485731310	-88.8300899740705000	1.4424551535027512	0.0283911292175443	0.0016163086429934	2.9510423544136417	997.3226398105729	
10.1687439584853190	-1.4436208705887055	-0.0026199923151007	0.0341609176748218	0.1291955951228423	0.6528829839848259	-91.2265073626709600	1.4436417491748859	0.0282412396234623	-0.0177759128940070	3.307992490601594	985.5300157989518	
9.0564212515557470	-1.4445833117664650	-0.0333680453051679	0.0163892330852272	0.0853365787185503	0.7003215228991383	-90.7553890485953500	1.4449900652880643	-0.0143183620811294	0.0012937422028593	3.062830539649571	987.8831550254018	
10.4417344922108860	-1.4427830574219540	-0.0527361651233931	0.0917077639973517	0.1844938173874125	1.8766248260548228	-91.1396032392694200	1.4457754850074116	-0.0241737179650218	-0.0443085339916360	3.0878979232258845	985.0702740333766	
