10.0000000000000000	0.0000000000000000	3.2000000000000000	-0.0000000000000000	0.0000000000000000	0.0000000000000000	0.0000000000000000	3.2000000000000000	0.0000000000000000	0.0000000000000000	3.2	988.7391860311432	
12.2942048154944780	-0.0159019518544808	3.2406522198865420	0.0151968826600305	-0.0698687975955694	-0.0795185398427249	-0.2985398666156782	3.2406668738092500	0.0010076332566118	-0.0196932790956603	3.1472951176006463	973.0339361806102	
8.8532208778495250	0.0343887968019476	3.1850759558566017	0.0195891006550561	0.0111466646612383	0.1323500150966214	0.7025943943527959	3.1852949239840647	-0.0046724555179742	-0.0122303796584250	3.050379602161443	996.4323650411453	
11.2136071249557110	-0.0527278838226950	3.1888057769271043	0.0026663004343841	-0.0290519217058518	0.0976701435434135	-1.0528342507210553	3.1892361861124470	0.0058719736608069	0.0027732598794194	2.968104605813756	976.6079207714854	
8.9532484359090730	0.0030200844623523	3.2085461702081686	-0.0084705468827849	0.1195923617580653	-0.0645985597104092	-0.0446211509592637	3.2085503560988480	0.0055289717719756	0.0048415164214718	3.1703223795539888	987.755054896122	
9.8513895185294000	0.0947826310147011	3.1932625175225080	0.0034046919461628	0.0231487170391336	0.0420079991779670	1.6601500929702344	3.1946697387880407	0.0022303093292828	-0.0010633323775195	3.284860912508017	986.5795472642557	
9.6663778651618020	-0.0537163518412540	3.1810825602268684	-0.0003000210257007	0.0313282260795784	-0.0765882706496620	-0.4216061675083583	3.1813892611678054	-0.0303095374158275	-0.0039360278303028	3.1697491983942334	1016.763880291	
10.6755735369763050	0.0184234496362998	3.2137787929621053	0.0010467702184670	0.1476085230275703	0.2790356785544885	0.2676848337229371	3.2137967779463525	0.0034462018584113	0.0145959950587252	3.2784901637643205	996.1674693715727	
10.1268350645954240	-0.0183341205460894	3.1839769385016314	-0.0199577761283060	0.0498023064796138	-0.6064136689499926	-0.3954039241394874	3.1840605375769990	0.0036271397131440	-0.0137453489144500	3.3070385391299384	995.3591319065271	
9.4164486138479420	0.0093867068119895	3.1918457182072526	-0.0494576138105032	0.1519136726756992	-0.6128575979894850	0.0837996894040677	3.1922024480552870	0.0047589542879990	0.0153015571263212	2.970761154785748	986.5842367437356	
9.7827334320171800	-0.0195299633850166	3.1928583503415410	0.0151550210634890	-0.1411428220940632	0.3082810147075995	-0.0470322331758576	3.1929086309183075	-0.0169139796959965	0.0019827700775844	3.1758445631297123	1000.6155193411136	
11.2179932532103600	-0.0143715321654544	3.1957297411475460	0.0343882279805469	0.0932397125924853	0.5472722897982155	-0.1476602217960034	3.1959388460076460	-0.0061418731406669	-0.0038522187145850	3.2352699593334355	983.070786401482	
9.7531713477202760	0.0542825966029008	3.1817418789979200	-0.0533296699384692	-0.1163738030580702	-0.9800046187260796	1.3711754782955656	3.1825763997666505	-0.0218673331538227	-0.0011480191643542	3.2004861000939946	1006.2013909585107	
10.5297285986734610	-0.0606308769664074	3.1955340378412522	-0.0006233849180381	0.1446556873457623	-0.3437712401452272	-1.3604608399979505	3.1960189835982282	0.0152086204877665	-0.0185912128462325	3.129217661211651	993.4403655426236	
9.4302953028342650	0.0179325634651695	3.1880040397131784	0.0094556667628999	0.0002159939634347	-0.5582649076316941	-0.0549007856611411	3.1877419351616270	0.0209871458104702	-0.0405171348523229	3.0470454620690806	993.6809300841129	
8.3232080141564100	-0.0455316483709757	3.1669115656986135	0.0118761270717400	0.1220002398906497	0.2205150165541260	-0.9924012909950126	3.1672473814959488	0.0093261156735143	0.0002938141389239	2.9747341367520184	996.7727794840181	
10.0817975021215140	0.0135575331766394	3.2045362171916000	0.1191542523445143	0.0202322872115616	2.1047311827931683	-0.2947797201376086	3.2066383221953667	0.0300437328664722	-0.0013980678791789	3.3044057767216772	992.2629071309585	
9.5969724662404660	0.0099444248696698	3.2093991444404595	0.0867529661706811	-0.0607312060858500	1.3165240242904765	0.0782201641494413	3.2105557314326430	0.0055767147791990	-0.0129858645392065	3.242151250466919	994.2503436945141	
8.7291520772530010	0.0085270409551045	3.1729239236750493	0.0451296264436620	-0.1563920780563416	1.1418192804794371	0.3521334566872946	3.1731856788805617	-0.0110228152485537	0.0180766128234585	3.4024457607312595	968.7363437737836	
10.4425719252733950	0.0433541634864606	3.2086186996160770	0.0690186670144111	-0.0221226773113718	1.6348375675183062	1.0015316822026374	3.2095492022532133	-0.0127450487017354	0.0225521942030723	3.326389830889572	1012.8024085703811	
9.8956538977983270	0.0134360624006855	3.1462490568973020	0.0703786070835520	0.0321243633640820	0.2503973748972292	-0.3113437600146021	3.1464071223959060	0.0305006594998227	-0.0566456886392031	3.0939251037186892	987.4266962556001	
10.8698343960504290	-0.0039106088757215	3.1800232689899280	0.0030701185947283	0.0389590051895169	0.1920576034858417	-0.2015471376857017	3.1800097760355364	0.0072807953999391	0.0075844672928162	3.2199927953719065	1002.6840597522264	
10.5537867333715680	0.0101328501151807	3.1895482584579150	-0.0510277677667791	0.0668690221742512	-1.1592539308167162	0.1531003068825199	3.1899434842014570	0.0015942471873291	-0.0135139462485507	3.0544365131608773	995.536721493701	
9.3578560462427060	-0.0150363088668851	3.2032575574823965	-0.0921574941644900	-0.0433234639773924	-1.7092830312566936	-0.6247541746793810	3.2045546657705310	0.0198948568377202	-0.0034150611757416	3.262540356325272	978.7248097791213	
9.7948293988538960	-0.0413434567065896	3.2167737261215725	-0.0395392808250282	-0.0082066440380565	-0.5742723445978801	-0.9121592679443746	3.2172589576334450	0.0098701992825690	0.0072951970606994	3.146410194897346	983.938305567989	
9.7074368762691420	-0.0527098175342699	3.1985177243061240	-0.0157137063111329	0.2127946081109875	-0.1828068407540629	-0.9603835542121499	3.1989857337768610	0.0009286140935794	0.0055037168294311	3.23239990830118	997.3243116318587	
11.2498683367100210	0.0266134036121648	3.2334278605239355	-0.0209493386053562	-0.1482724838090194	-0.1255198899452751	1.1382510512911532	3.2333566265502460	-0.0376593964935969	0.0137685384689946	3.074132148443246	998.2752148485663	
9.2143405694040810	-0.0610036301141351	3.1610513511880076	-0.0774506436325489	0.0315715062181570	-1.4006133029376022	-0.9756223091070639	3.1625803130655643	-0.0071714864679252	0.0001520713174051	3.292763512962446	993.9952142602341	
11.9358322837182430	-0.0359038631204971	3.1855847984740504	-0.0340134251850482	-0.0563338784526116	-0.1223293549621787	-0.6786340256123920	3.1858519575229787	0.0018023522613454	0.0272133243482415	3.1881019189072117	998.3220780681639	
9.0992405188993750	0.0545763428881007	3.2027442611137060	-0.0912798728947106	0.0694932343469765	-2.3463574544635100	0.6727759888106102	3.2042157764706336	0.0169178725739845	-0.0399554489370112	3.3559199907135877	988.0859877348582	
11.4628731882487570	0.0130165257151905	3.2127060208264220	-0.0311990685674008	-0.1018135246854411	-0.1427672371173862	0.2788951344680287	3.2127990863839004	-0.0026630682992296	0.0231889342903149	3.121334117037018	1007.9055517446122	
9.7804357846513720	0.0654130913356169	3.2323272742515146	-0.0716685072460923	-0.0658501220678127	-1.6442277353574433	0.9265039212494479	3.2336876728854140	0.0131625973493336	-0.0211100824045236	2.976876666906618	995.2987059292357	
8.5128001047419600	-0.0579181911391079	3.1804176317358960	-0.0390053390620425	0.0164195161249192	-0.6807664081332854	-0.9943181147250215	3.1811827033821816	-0.0027185288604744	0.0012095038672367	3.0769910926745307	986.0272673775343	
10.6190158122241730	-0.0258801309939254	3.1667616340303115	0.0482510136293193	-0.0374834823607930	1.5633061448575320	-0.8646627367263395	3.1669292342556483	0.0218863017383183	0.0381759515401932	3.2299889881042256	986.5842614142736	
10.1583928719071790	-0.0968634172912055	3.1876293129280480	0.0212142328175176	0.1102120462710130	0.4869324117497167	-1.2520321500982812	3.1890498999662940	-0.0271781171650917	0.0059403193378749	3.507942839734519	992.2781859786922	
8.3934155294521000	-0.0315676091589438	3.2054359637989460	-0.0049812587271628	-0.0393000417964347	0.2242202161547352	-0.1608844121296710	3.2054679285118093	-0.0225787676414312	0.0175100952653174	2.995369538102967	990.3078128578404	
11.9112589801006210	-0.0522149949222496	3.1971403530885340	0.0925454393647437	0.0282000220774983	1.8551601727142166	-0.7655367663213647	3.1988726105261640	-0.0094887508730961	0.0110220969608465	3.1248504143240052	995.1353913507638	
9.1571993496493480	0.0457931521131840	3.1499153910710316	0.0096484295622397	0.2066526793111334	-0.9733153964205206	0.9393476539049608	3.1496243765091636	-0.0060803988757800	-0.0631378771295361	3.2127308388733784	985.4116287084158	
8.9359670904870490	-0.0094283278537170	3.1972141074637506	-0.0140708000910196	-0.0119321444349631	0.3404868289543539	-0.3221532962899613	3.1970765098963243	0.0085416094522635	0.0330720504905428	3.1779445655280156	1006.4639950385558	
10.9512668634031860	-0.0500447750158602	3.1757891325069390	0.0807534397518011	0.0794560297832467	1.4862917975788172	-0.7715521918809013	3.1772010524534253	-0.0072736487860220	0.0016667361804505	3.434638429739995	995.6361863866184	
9.2235381386897530	0.0033029308262360	3.1907076585862115	0.0456401686094610	0.0663503878179108	-0.0440515963532220	0.2416860731467901	3.1906571710854985	-0.0102118450685988	-0.0480815112535529	3.1009953265110513	999.3809528866732	
8.9342656598517960	-0.0061306225223300	3.1531195956410560	0.0809042445649954	-0.0446329570966828	0.8621685324370372	0.4085364869272574	3.1538561401566280	-0.0285869190865163	-0.0334738851978617	2.966617014746518	991.6424104292305	
10.2599298832395970	-0.0553336986058747	3.1716399984896340	0.0797407751183045	0.0640520371759597	1.5393952649372642	-0.9644210401934894	3.1731193822700856	-0.0019361584250784	0.0055069582948479	3.2051138097812872	1005.4179437139	
11.4858248345565400	0.0058276268800834	3.1885299445440540	0.0088659793597895	-0.0864290071591433	0.4174772641437270	0.4102745019942112	3.1884698889945480	-0.0170258974393598	0.0143408462318601	3.158765953092801	991.4128470748515	
9.2825983633482650	-0.0201262018395945	3.1752507707788010	-0.0665238262704306	0.1043520048875528	-1.5472993458156266	-0.8155509171615770	3.1758541022096094	0.0250359051708346	-0.0192838202695147	3.2149866374079332	1001.1627796224942	
9.5133332319346720	-0.0055434266787979	3.1787964854079680	-0.0510459209747650	0.1418974347370053	-0.3338796570363171	-0.2181764991926636	3.1790380342766280	0.0066416393607540	0.0325050229772723	3.186448299214104	984.2556126790294	
9.0038791000181500	-0.0094413595306128	3.1782412531825510	0.0205028665158056	-0.0831311204771330	0.1330795913421018	-0.3608616170642148	3.1782767286342350	0.0105949946796842	-0.0131054395708981	3.213001132384062	997.9492452213719	
9.6280896561602400	-0.0316798659575382	3.2413846465488065	0.0409739535164239	-0.0960760909757921	1.0413518488440765	-0.6405428978219304	3.2417455355275595	0.0045285895858426	0.0179521703336021	3.2428510770657284	979.7591169319765	
10.8291960667075800	0.0337918184680399	3.2172569298791176	0.0450866296288893	0.1621327693163026	0.8314482986080239	1.1649725976703510	3.2175944546571005	-0.0316212159021085	0.0016935426251463	3.1006561508624615	992.0934767550779	
11.1352063139843530	0.0091276863522376	3.1554183895707580	0.0068745819281928	0.0079445036750761	-0.5780130959565911	0.0980867869233113	3.1551994740768396	0.0037204299332555	-0.0387069110430617	3.3068041442228013	982.6852744003671	
9.9645808710643640	0.1132476164836421	3.1943941180617500	-0.0832132230090838	-0.1175100961480154	-1.7752956112395661	1.8551709681183057	3.1974296641987980	0.0098080354476676	-0.0158300212416695	3.3140464839691437	987.9454771887713	
8.9449729009993940	0.0645505778903161	3.2196887352755197	-0.0755480844959241	0.0200202892961033	-1.0548640381152970	1.0767352276740996	3.2211782783356955	0.0040421771761832	0.0162481450944974	3.3451060331407434	996.0956660304392	
9.2552054952319410	-0.0375729159650365	3.2097465000847714	-0.0040760976344509	-0.0661715455678836	0.3923581004678741	-0.8485178909725035	3.2098477635426850	0.0099338852553742	0.0260688740883746	3.334109111465938	999.2130964767233	
9.0158469239381240	0.1244219594475578	3.1818088137965748	0.0475752589672530	-0.1054906555438327	0.9119990248783146	1.5909857705810130	3.1843906012644996	0.0360272841419288	0.0031765055980592	3.1296534714939668	982.2756356550552	
8.4908175197042760	0.0161173283655140	3.1661613246712346	0.0776488142421642	0.0054191186294912	1.5440147887907627	0.4770426609086417	3.1671284360398440	-0.0102435468561354	0.0076928438419460	3.1328633515044104	991.8367853152945	
8.1905516285981470	0.0861707365100840	3.1966947296292260	0.1026531048391229	-0.0994080846241275	2.3207109012321100	1.3166098385694598	3.1993646725769280	0.0126503117655119	0.0269427482271510	3.0583842129960384	983.9384946962349	
9.7956022382038430	0.0560583418818440	3.1773705958149647	0.1509391135969159	-0.0481451682179301	2.9468039796287244	0.6608741014983026	3.1813633868160385	0.0193956522400031	0.0126438347854017	3.471940178305408	1001.5608812196847	
9.9736081592857070	0.0845452961178366	3.2122150461098440	0.0942629407927715	-0.0585735466333530	1.5229027536427153	1.5275629321713111	3.2146974490563520	-0.0011064504912246	-0.0088316677313505	3.0971283755817804	978.8933486153675	
9.8495805371142340	0.0789935655135471	3.1900694850476540	0.0239957567565361	0.1466480871456523	0.4906126708861612	0.7963693321249370	3.1909477528356387	0.0346561388972949	0.0032388079573141	3.291059304147587	995.3837707775484	
10.2353667024969970	-0.0100313502563217	3.1943198449423322	-0.0217016553319884	0.1006492481395206	-0.3358254962491927	0.0651277502186122	3.1943787080114630	-0.0136570524686743	0.0030027229980536	3.0504357107723497	981.3338845710672	
7.9768859537402740	0.0360149852463505	3.1725170913358793	-0.0482057036020798	-0.0624360754838033	-1.0613578052029122	0.4640779302929817	3.1730533187213243	0.0103291998735870	-0.0105597358818858	3.155921780893371	980.5383582536646	
8.5055638202548830	0.1401693429215679	3.2047969282497846	0.0487779122326313	0.0700113055343710	0.8771503674329189	1.9518336651171626	3.2080824506235000	0.0309351489391144	0.0002954618880289	3.210918548461445	992.5558663543759	
9.1451221151498960	0.0844959957180674	3.1829753727541856	0.0622470991889518	0.1237667641410333	1.6862360461789005	1.5585528631354606	3.1845488459652307	-0.0020395009625942	0.0314799349874889	3.1348375270616	985.5950475656184	
8.8701898793467660	0.0772672662858588	3.1940747766269344	0.0594611495467081	-0.1613023738416539	1.0848975795251208	1.1305487861029027	3.1955306155503367	0.0142284817729737	0.0010829663108704	3.1173393704606096	976.3230996333873	
10.6468145981919750	-0.0393731389239841	3.1828630346032460	0.0898059027079979	-0.0201439710199693	1.0473216414354170	-0.0163279947248089	3.1839838840862584	-0.0384549766425138	-0.0316272338992002	3.1121994172422616	997.3020405126531	
8.2612407262262980	0.0534099085775108	3.1799968956426420	-0.0340758346836205	-0.0316590300803167	-0.9386304743354382	1.1480842745868647	3.1805601019368050	-0.0103068889845378	-0.0180344988198332	3.429933205783101	988.2759676063715	
8.7035275927483510	0.0036045262525152	3.2181288827827594	0.0121708739816767	0.0913325428468222	0.4416718081250798	0.4997316961848660	3.2180361235628830	-0.0244434841822365	0.0126748770801801	2.999440909220574	993.1946954721265	
11.0234490584876120	0.0590397814047531	3.1997335384578656	0.0500270479406839	0.0382492054324450	1.1840158125597533	1.0757095681787685	3.2006284412792207	-0.0010302912587861	0.0161132808744885	3.330618663779337	1001.808380793271	
10.1885498975214440	-0.0225860844065404	3.1868256505034456	-0.0890419359482211	-0.1512326851856267	-1.3480041183759812	-0.1448658033616225	3.1880853106913674	-0.0145655225480791	0.0140079113276513	3.11123534992943	1003.8411081988817	
8.8337815344075510	0.0379447522668727	3.1882525662249990	-0.1075986350548666	0.0395876930772853	-1.8752124683663711	0.6376405845869908	3.1902907964017510	0.0024635167542872	0.0032034372225940	3.2608672097453497	1004.8014791021518	
11.0850716160298300	-0.0248281324293997	3.1913270002627310	-0.0894509454840897	-0.0025119284785048	-0.5909573413802474	-0.4425226537920763	3.1921764148407060	-0.0001819735946247	0.0565299375039151	3.301958017598107	987.0618688223855	
9.5933436925150300	0.0260729057625363	3.1855102567883993	-0.1057629149248644	0.0364359850316158	-2.0389618153128280	0.8690001914844823	3.1872853721630110	-0.0222474582085791	-0.0076284789671091	3.0859215811453193	977.0342096131402	
9.2738452208783160	0.0816234230759242	3.2025446659337860	-0.0744859503689898	0.1181032387460331	-1.5627802176775656	1.3674359951737705	3.2044202929823670	0.0051480449967323	-0.0129213332694207	3.0773066597679426	979.9783008423553	
10.3370630832494990	0.0853302210178526	3.1907275614618023	-0.0408638211424740	-0.0258714283965944	-0.5970212374091044	1.3849296020838706	3.1921103711698760	0.0081844393745096	0.0076067858614013	2.879600813242549	989.6149910566701	
11.5670545628076860	0.0794052052051861	3.2109943328404940	-0.0370978647854480	-0.1790740806768755	-1.1624922422355126	1.1918800939587050	3.2120428441344573	0.0126846741888639	-0.0280340900411192	3.168259707744047	988.6415258972188	
8.6677734329678260	0.0161781345729176	3.1835358019238620	-0.1228646058523011	-0.0521690147130228	-2.6464976193860035	0.0607111000873866	3.1858287781645590	0.0128269106244296	-0.0242510231300278	3.1193878163531195	990.3764066719201	
10.6018776636299650	0.0032970911246327	3.1846827306992390	-0.0678768983148612	-0.1467484453667570	-0.5151216024705154	-0.0416829626928934	3.1851610244776620	0.0055134346603028	0.0392567132519771	3.411871960706195	981.6780022458277	
10.0218027248441080	0.0068002973642403	3.1925777513059317	-0.0649684833143791	0.1394558041820382	-1.1355716473612930	0.1604312175635966	3.1932448124915110	-0.0021349979453926	0.0016897579353470	3.202631186846836	1000.7376230562675	
9.3271128818639130	0.0106933141985806	3.2089271489968167	-0.0449251028974298	0.0105171570040268	-0.7113331465591053	0.5682182997745185	3.2091858332123560	-0.0211295860842946	0.0050880161905723	3.0723331673707444	981.1540261465748	
10.7441151894572150	0.1265250929731678	3.1927142053373450	-0.0205006724674731	-0.0963212991972455	0.1195646428845271	2.8261881627925143	3.1950196690900790	-0.0310953160770944	0.0271158465098599	3.2902000098075863	1000.6509397089335	
11.3726358416714120	0.0751084473666829	3.1403464241201355	-0.0163267362187218	-0.0540536583141787	-0.4965628427903189	0.9779549872805672	3.1411944469333655	0.0215092690182264	-0.0108766983410534	3.0739796611383308	996.9266013836799	
8.8956156151641110	0.0235315177894651	3.1640189539215860	-0.0789787337439984	-0.0920226499316820	-1.9046311192854328	0.3407948047429196	3.1649798203528237	0.0047537718140924	-0.0262193039815918	3.1383845746530614	990.9694088810426	
8.8991903105854480	0.0041411784834159	3.1953419474014890	-0.0464716255342278	0.1404850667764637	0.1561369959605943	-0.1155320410278733	3.1951885966215405	0.0107195625891996	0.0551529252182533	2.9622697988534927	987.9495181633837	
7.1759322503399600	0.0732642963517849	3.1650326074190573	0.0218506725218049	0.0220323368447351	1.2821601085363667	1.3029217914818227	3.1655764724610270	0.0012966847535088	0.0489941899138144	3.2743131190380903	1007.4556147786056	
10.5067851016399660	0.0767448804416999	3.1816473372864325	0.1556982601049977	0.0084524415787529	3.6952000605299600	1.0980619134728462	3.1859519030722900	0.0157662351384028	0.0497332974494245	3.1724267474802104	986.421583789098	
11.0106575669817200	0.0007791890661048	3.1927449046565877	0.1138023849678278	-0.1258715365752808	1.6282035959077186	-0.3008231711661795	3.1946413008559396	0.0175927187465074	-0.0230015495813761	3.3488525065708066	988.9574593167503	
9.5255417090830360	0.0116113024950065	3.1932474909058257	0.0111130070683432	-0.1452342278132633	-0.3669730810967554	-0.0786410499984014	3.1930918718999280	0.0160741266147023	-0.0315242685604916	3.3383863601205963	990.8141526381138	
9.3465342412701560	-0.0434038518154275	3.1677955928152888	0.0108324814951835	0.1910066215245931	0.0633847490834513	-0.9721628153888906	3.1680860710129073	0.0103247190339565	-0.0073621802880973	3.094698162348993	988.2668755251705	
10.7879813351175250	0.0690812341190001	3.1671071736232976	-0.0233552245839949	0.0856081349085913	0.5057948653993648	0.5557497022789993	3.1672986449785236	0.0384352289340816	0.0512597242766638	3.2466802312192935	1005.5426956293339	
8.6651435017073940	0.0890905083330550	3.1615923013684952	-0.0305835439839938	-0.2204804703584081	-0.9348394733063475	1.8396277113316506	3.1629007905290650	-0.0123679946832172	-0.0210706878941006	3.3790516562157276	986.7106613732255	
12.2716886159540250	-0.0299224628903697	3.1923325731259500	0.0006882115161619	-0.0678087102687124	0.7000945493870655	0.1152181078117664	3.1920360511189503	-0.0363872946187929	0.0382739860575319	3.221373057969217	987.2200028996893	
11.5697113119330370	0.0548132856561132	3.2050698748390367	-0.0896477583332401	0.0294890713191487	-2.1259273420067040	1.1270990441176003	3.2066471861465100	-0.0082571640542959	-0.0293217032206759	3.2695863431663374	982.2153223714351	
10.5281366802918230	0.0226066061964640	3.1666027515163400	-0.1811377290155278	0.0103315835415919	-3.2161524800237578	0.0611931740512738	3.1717999820791860	0.0192251672518249	0.0031918731324436	3.018543502735865	987.1624826619369	
11.1193202394930210	-0.0235542776908807	3.1946194482301790	-0.1405612418254222	0.0201078590651082	-2.4816764612643320	-0.3241456995698259	3.1977916193345934	-0.0054799890106167	0.0021011295582384	3.11404252573063	988.8382717832618	
10.8803735157150840	0.0628811254605156	3.1914069185729920	-0.1529738403370439	-0.0876228585852976	-2.5767509387035780	1.1668390249348932	3.1956755023257615	-0.0021352470044409	0.0093100073805524	3.2589738364827245	990.2056625109278	
7.5323507794954050	0.0072109008389359	3.2068413586079500	-0.1200278291103115	-0.0980852921796400	-2.1745920488467165	0.4501259881996032	3.2090440596185890	-0.0179795828742548	-0.0017703549473004	3.1772572285943292	985.6489488991609	
12.5181903389498790	-0.0434612001318489	3.1741741629861764	0.0395685536651517	0.0044183008429492	1.7453683338806611	-0.6519981039486877	3.1741955999063450	-0.0073342015425966	0.0571372588420087	3.334068623124537	993.3453771134139	
9.3104102194950240	0.0333921447762657	3.1979703086554014	-0.0444393414225925	-0.2183033397101041	-1.2521442451212235	1.2310267098229077	3.1981570589809936	-0.0352229307289120	-0.0255882137177566	3.167646514080427	992.85306550604	
9.4942327307218500	0.0626225428944584	3.1631368509954494	0.0202416898268466	0.0892197150482034	0.5314645548950112	0.9578671494698549	3.1637933517865670	0.0097493034742038	0.0090898450981693	3.218147067020956	980.1289432576508	
10.5795742134395270	0.0169972619433686	3.1818519900345317	0.0178948824002902	0.0917764498433395	1.0679529510608192	0.2335628310460793	3.1816756536434068	0.0040928569156388	0.0414065665259901	3.0697116620026397	994.5629309783217	
9.7232163371863470	0.0668043291119389	3.1725574733748040	0.0523150409117017	-0.0122811147802127	0.5594735393542108	1.4283746252840730	3.1735964555584677	-0.0122950158855979	-0.0213301104336868	3.0569431402772427	975.2830518780297	
9.4660603460607080	0.0654763518227781	3.2085774701192156	0.0347234514617076	0.0152774980840529	0.9991653842928019	1.3279295184116056	3.2093506752467700	-0.0088932840607407	0.0212463003314750	3.358149336383326	1008.9242705974696	
11.0697855801651230	0.0603774717192781	3.1975333437595435	0.0457395288631124	0.0974924687679447	1.3914569664588685	0.6860176606913301	3.1981947163357020	0.0221434409209968	0.0318943956283348	3.2069283186718995	992.7317339185892	
9.2352518774853730	0.0131170332848384	3.1739367896667930	0.0237038170242373	0.0616728865658580	-0.0942347116812418	0.8923695887977737	3.1737128485277300	-0.0363470622863683	-0.0288845712659919	3.125143613582346	980.5978424808576	
9.3392297630587660	0.0359463658362198	3.1925001365697860	-0.0013069628608615	0.0250305828583542	0.7698649955442766	0.7435359180884845	3.1923920217325550	-0.0054657387481018	0.0442072012812324	3.140348579877153	997.4767223778466	
10.3912857848834080	0.0804698603608455	3.1941605316138660	0.0640997441687817	0.0261330946835648	1.3401256152791203	1.2249455917496028	3.1957760129257777	0.0121725024168177	0.0106387377965530	3.129061820923226	999.7450924867788	
10.7779567834855320	0.0675906310230069	3.1841277418926420	0.0254386873328330	0.0764160524877577	0.5230385735290568	1.1000419616942425	3.1849380360583406	0.0064535765278333	0.0036269442346246	3.223468540723762	987.8955413912485	
10.0977872149104030	0.1321278305545940	3.1819954001080304	-0.0023565435543950	0.1610390053647220	-0.4524036931630627	1.8532490411415930	3.1845233173219443	0.0290899103278742	-0.0228705435704659	3.267841936442565	992.1004529759492	
8.9594106960895040	0.0854806155389419	3.1634832533667088	-0.0029660694302714	0.0516653940876797	-0.2173615609846095	1.2140594578277830	3.1645727189215265	0.0184261778658408	-0.0090559460728357	3.110818770101986	988.8434537841123	
11.3660968258687070	0.1489741779742431	3.1900555345731183	0.0303763827809196	-0.0095417183009038	0.8059039348713624	3.1407476003232940	3.1935374309763200	-0.0260317650180250	0.0145385060357035	3.075665126232732	985.9663451774702	
10.3872374834106350	-0.0171774058266404	3.1908783119787527	-0.0045910179811808	0.1485650279478971	-0.8023158146443153	0.0109987564746832	3.1906264048838366	-0.0178938322122505	-0.0400436986330892	3.177869186696879	1003.4983732312669	
11.1228636607664430	0.0390454346388646	3.1678351937253817	-0.0509709318362861	-0.1303986070005447	-0.9245990102781160	0.5143884435322683	3.1684680720950750	0.0106044718516388	-0.0001332456045556	3.2631813473963023	981.1603630056209	
11.1291000203015430	0.0448572955622611	3.1761025104784620	-0.0932010171477017	-0.0435830288673132	-1.5614901289990806	0.9741967447860356	3.1777662522828507	-0.0091546946393752	0.0066031089934771	3.1628924835859937	998.0097605613694	
9.6063371456738760	0.0634197244049038	3.2098884951616630	-0.1013571561864635	-0.1259749815000433	-1.8874962567898700	1.0526010518239683	3.2121083440833442	0.0044520987131406	-0.0044329011059019	3.1918068753099633	994.3066899372908	
8.1178388369342470	0.1441418836110945	3.1703133417183460	-0.0463096694170717	-0.0045716687510358	-0.4296274933224744	2.3765849905176304	3.1738216362041856	0.0125516448090372	0.0225128972945364	3.1535306880122986	984.8525478368088	
10.6675262203602730	0.2159970765621621	3.1741857743609590	0.0838682915261663	-0.2948672726490251	2.0860162720374205	3.5226209164430355	3.1824044085693630	0.0203938094521318	0.0320972026306707	2.9599198492280783	976.2729659228764	
7.9383410604846480	0.1003639113519548	3.1665601784133270	0.0244659808010347	0.0480162908305643	0.6304204921686605	1.6063284887860954	3.1682066253960770	0.0115680085675347	0.0103837568175534	3.179573302223567	986.1332088686481	
10.8235920959584120	-1.1671089093482019	4.8930813968850550	0.1507783492985327	0.1211462344453768	2.8217657019333933	2.4101171020561036	4.8412283564375820	-1.3716523240579324	0.0905581369667306	3.161677604568267	1001.9921236519189	
10.2955972965427680	-1.2280661713773300	4.9064269529364730	0.0841083922967105	-0.1040965087080434	0.9158173763360536	1.4639258443201268	4.8741732480704645	-1.3529990056248873	-0.0086617555885252	3.2326490893463227	980.622637329252	
10.1041274000717940	-1.1256724853094038	4.8971465568004096	-0.0095264500766704	0.0284041664382304	0.1257961986913549	2.7630663960144135	4.8371565791556580	-1.3604250819519623	0.0208211753499381	3.3558340425901227	983.1285000274663	
9.2735009970029920	-1.1350620886609735	4.9075214630083040	0.0126280198496002	-0.0186357971420725	0.0854379652185898	3.0139695319091135	4.8410656336268865	-1.3915248803269884	-0.0058617604502123	3.2618988485213976	986.2933141169108	
10.8338151080496470	-1.1238815680319454	4.8911542584355480	0.0086145209143805	-0.0537111789176711	0.5568500679975165	3.6408315263583970	4.8097707002865770	-1.4322452011698217	0.0367894432619017	3.0115107465976942	994.6595083022347	
10.1499360711226970	-1.1332337323648660	4.8753812084731330	0.0118243981349888	0.1179975819273939	-0.3745160124707863	3.2958534880283423	4.8019857304420940	-1.4117396700342320	-0.0403061431540192	3.179872211068357	990.4515358881382	
8.7937969407910350	-1.0101289511174547	4.9072367106302600	-0.0291442228264135	-0.0018833753654453	-0.5377041061614812	4.5070360412055640	4.8127461271218880	-1.3926229062972855	-0.0160678093236064	3.488253090208762	986.026679495658	
9.2047338400833890	-1.1357460113152142	4.8643775680394830	0.0684539069833770	0.0707349427417433	0.9993631865814392	3.8793922220469397	4.7768585559359940	-1.4622306838659191	0.0166681668913206	3.0282758028178636	992.7776508440018	
9.5485176829454300	-0.9540007969851897	4.8972920304934530	0.0272985841094630	-0.0201318053473209	1.1146119554931164	6.1124393668292525	4.7674971010202140	-1.4700634646848916	0.0649366371161090	3.1766494794453037	984.8632578448232	
8.8982424827829210	2.0344596134500117	4.4650259066859235	0.0392121116087986	0.1409708617316962	0.9894337985016042	7.7007246421801130	4.6973497960999390	1.4179029183210465	0.0384195670065440	3.129804213624448	996.7926572216845	
10.2704720412563970	1.9692469943511210	4.4642427119638980	0.0889959976411378	-0.0810757569700955	1.6787471027325112	7.1306951943853700	4.6747640848445950	1.3997865090949562	0.0499548164111576	3.362017993691532	985.292166567598	
9.3106743318018190	2.0900470633071110	4.4707514808098240	0.0139392752954122	-0.0224610886316391	0.3428592723631473	7.3810983842035180	4.7022093471250495	1.4983719343170030	0.0147863335080250	3.1643251146670393	998.4792121560356	
10.5609164192781500	1.9051440503028578	4.4845489682311810	0.0337861530594373	0.0289713345564903	0.4488020151610405	5.3709251026485860	4.6433095598505670	1.4770131203967463	0.0018380920765114	3.0971452235766797	988.0984852517439	
7.9562842529601980	1.8850035021787082	4.4836751803246430	-0.0142531118950512	-0.0484420289637494	-0.5957208954081181	4.5108122398072140	4.6179359098915524	1.5265641255545963	-0.0324712147558355	2.9672000286881506	1002.7919721362894	
9.5978031443316200	1.6445658747232839	4.5577078821642120	0.0352913575791082	0.0672483252601361	1.4086556887057693	1.3070282994071956	4.5935137480807120	1.5402668986774030	0.0758476261863737	3.2691223908230618	990.1205148502044	
11.5648807692823240	1.7089990985919417	4.5254090351449930	0.0944249587373526	-0.0825753017588870	1.0472027256290537	1.8578651385519256	4.5793972357525945	1.5613999889915544	-0.0084828504189944	3.5245943680866114	1000.753619419266	
9.4043983510001500	1.5904216571127876	4.5226731712406400	-0.0419379613858471	-0.0700434885283966	-1.5358128249539154	-0.0133513165533171	4.5218018965200030	1.5915712405034605	-0.0773372414094674	3.0263530928771805	990.958973881009	
10.3382600205568300	1.5965774707397309	4.5231237795162010	-0.0491347669955172	0.0350872694485830	-0.8544506609446816	-0.5325419642264476	4.5083204880205160	1.6385371867426524	-0.0191006592092618	3.1921579284288004	1003.317762140188	
10.9983493512053610	1.4839929606098110	4.5079345526168515	-0.0923262011465057	0.0759846587074447	-1.4081832344532734	-1.8666695739843877	4.4581258974638450	1.6300215724759017	-0.0193989912078499	3.2354760526112063	991.2799619303456	
10.9013863944882680	1.5108497772383450	4.4890362545381950	-0.0893420280748033	-0.1706665319303031	-1.9589454997308577	-1.7207794209798117	4.4421011407629900	1.6451475843201975	-0.0576404628498453	3.2117306903407354	1000.7673119480053	
11.2757883712939740	1.4706919004376062	4.5177089616825010	-0.1225285035327841	0.0341004715687152	-2.2390608386111985	-2.8721029177730610	4.4397411376274810	1.6951812042783392	-0.0519757460439570	3.226159296316698	987.9661469730752	
10.1828088838052530	1.3483315157720488	4.4870720108625260	-0.1665442272773267	0.1363098718963231	-2.7964916540839420	-5.0913296137586000	4.3526580505176700	1.7410964067844075	-0.0500128411067656	3.36632698574081	977.1643191707362	
8.9309408713725880	1.3229210957611484	4.4589230598217915	-0.1402872393672825	-0.0101999104375289	-1.8553065755135480	-5.4149585818429250	4.3164630490706060	1.7377979208515382	0.0008490240574318	3.32516162398209	992.9222751197356	
11.0936603884395380	-1.5331245149515957	4.9100497607944600	-0.0186510498868672	-0.1920069309008656	0.1830167340561527	-5.3590554314361810	5.0316914900377250	-1.0679503890405610	0.0311449693406727	2.9183967332346414	1000.9393960663501	
10.4397624758185370	-1.6557274766683698	4.8835740543500090	-0.0397906218721148	-0.0964569180405492	-0.8667409828722593	-6.7051845926088580	5.0435194247009750	-1.0741303960813087	-0.0383147462777642	3.115787890016616	975.7954199236924	
10.6567453859890900	-1.8138469337439942	4.8410080889053110	-0.0403406412830534	-0.0764439387669353	-0.5867974855264424	-8.2479647519739760	5.0512931690491360	-1.1005904371268518	-0.0128605311216089	3.158317810393088	988.6579574655103	
10.6693262254220380	-1.6537264001442014	4.8832924899843820	-0.0398748636671126	0.0802656525135012	-0.5293072548349397	-6.2731791122151215	5.0349069590548060	-1.1102398993411162	-0.0050826761401567	3.3140343881634577	987.581162831835	
11.1131745023091890	-0.3819427964160373	3.1644410223889740	-0.0775156046536115	-0.0785999263963599	-1.0294177885841524	-6.7673942226806370	3.1882794004416040	-0.0064152881669141	0.0202302168686599	3.3552864590826315	982.8415858043302	
9.1755353327348970	-0.3495157788284520	3.1596705111610266	-0.0666637179512538	-0.1511047605266993	-1.2067751847098906	-5.6212983406483280	3.1794108436985110	-0.0383353453092521	-0.0003978870065840	3.100654696307707	977.1995525191229	
10.6556005716729430	-0.3211741601086922	3.1760183454424560	0.0392987406408915	-0.0142293512187518	0.6401930047912174	-5.4783842589600490	3.1924136018816522	-0.0164910670948075	-0.0036334489965199	3.341711176519671	995.0673649229103	
10.9244974944877490	-0.1473892363958716	3.1599684567086920	0.0057658622750023	0.1855632637339096	0.0814850081838632	-2.4131760142694560	3.1633769997954957	-0.0142107709817922	-0.0012209504477513	3.379504239184587	994.5603993056117	
10.6218247721935270	-0.0937856809494674	3.1903819912244633	-0.0003074549918551	-0.0203644019255742	-0.3490095674753980	-1.4586482191737302	3.1916781875891123	-0.0125358343180582	-0.0191389167647545	3.289873197641545	995.2472413751884	
11.6813756806170800	0.0165795964144401	3.1806921692575463	-0.0045964105965218	-0.0144682727410749	-0.4915118396096943	0.8851687269483329	3.1804911312818867	-0.0325535563929757	-0.0226961535804450	3.179276356780027	991.4815129046037	
12.3413452667727110	0.6544801550818726	1.5617668915716305	-0.0141268532304168	-0.1024968532972526	-2.2289969689645264	37.7591876271476540	1.6347984673665640	-0.4388230647149150	-0.0502787624911482	1.8309675647018535	1020.3811834523893	
8.1765732266437400	1.1370235341088406	0.9728155914454917	-0.0766984560313650	-0.0877366766648113	-5.5468108270886940	55.7739444390179700	1.4877381102047782	-0.1647150801792957	-0.0676727643903982	1.3866668836631055	1002.550616621486	
10.6904215131786560	1.3622995073529507	0.8110528508481999	-0.0678473440446926	-0.0835756426015065	2.0067868641221085	62.8283138722333450	1.5789867793213070	-0.0996209836138103	0.1230704962586344	1.7428694080934577	961.6934629045409	
10.3833000769001650	1.6499448356804178	0.7118602764207024	0.0757954253226384	-0.1711974529658741	1.2310470950912071	67.1481466239052200	1.7981084778984470	-0.0151210724933514	-0.0372184807650725	1.7228359865807246	995.7924724422953	
10.3994948304035300	1.8588732937419776	0.7162533001418474	0.0605727262079420	0.0057678381347974	1.0778870635432740	70.0628869486984600	1.9924874796255185	-0.0394742376317745	-0.0230910244562171	1.8834488924374226	1001.5675116260302	
10.0933996739621710	2.0601887880108993	0.7375348301309739	0.0275451696391160	0.1229654559634549	0.8220452944847351	69.8124398201288200	2.1883163497160667	0.0187413264685972	0.0038105800262560	2.0372654388168723	1002.5345367792974	
11.0290519573102500	2.2268392636317804	0.7527825371548886	0.0409978987056794	-0.0080297880565715	1.2822598987001324	71.7952837848446300	2.3508857714789260	-0.0194108560410433	0.0116099147909363	2.3186946631450476	991.505447555298	
10.9578489810708340	2.3402269304035435	0.7453946148212823	0.0231047257484423	0.0201303620772055	-0.0046325300101680	71.8312008877532400	2.4559731366820940	0.0214849293072242	-0.0233108483554418	2.2834120980580885	1000.74855012325	
10.5141639713708080	2.4333867198877677	0.8766621878574417	-0.0065138769025326	0.0002745777651480	-0.6515614167569160	70.3751962275634000	2.5863785422664143	-0.0084631602280759	-0.0228989467063221	2.6991750884525545	994.3098835669188	
10.7842030377240730	2.5819892099118635	0.8279808940140578	-0.0340629897718547	0.0475947291339093	-0.4787380825309504	72.0230193181963500	2.7116717596407150	0.0093420202177931	0.0113983705451407	2.869456726415823	1003.0068272018419	
10.7436175591431160	2.1365699959853375	-0.4261244317845060	-0.0171238459632097	0.1210348458379155	-0.8540828115619499	71.8952779127953400	1.8984128197193150	1.0689503814269976	-0.0134332863239213	2.7595456591878107	997.9614324060541	
12.0869077862641950	2.2236910007992320	-0.2727193606045423	-0.0330453229028644	0.0675047187152049	-0.7726857845072473	69.1992578366024100	1.9821707803428940	1.0446256050339533	0.0050845759000917	2.7081626498865563	1000.6741357994129	
8.9484664530897150	2.2346178955233773	-0.3333206470253349	-0.0741768302072748	0.0184102636657533	-2.2459093637280630	70.3047947626986200	1.9929324467935128	1.0669226931110207	-0.0042689938699937	2.9337954047411983	1001.4340054443704	
10.8563429675246430	2.2779181623483233	-0.2038764181774308	0.0055678477378423	0.0283944900744104	0.6512948213429357	68.3719631364983700	2.0423308277237022	1.0291252659253693	0.0171384461695421	2.9704166709801054	1007.6055150582548	
12.0808571689530350	2.2719422502576223	-0.1517099685725306	0.0267342311381543	-0.0033953572328961	0.3398920374450597	67.1120303288442300	2.0341837886620713	1.0233939523476498	-0.0146066569471285	2.9579310664532583	995.8095321115651	
10.0955949437256360	2.2997295868460794	-0.1025270421919390	-0.0254758099841420	-0.1103488090159150	-1.4082373116266746	66.6242864534550700	2.0702967016550087	1.0065970320739540	-0.0234726655178598	3.003616142259826	1004.4093362752895	
12.0386031298677540	2.2676763019523523	0.0303490427240507	-0.0408418158939361	0.1871551379700128	-0.4471348874438363	64.8129719313011600	2.0652450313862540	0.9376772423146504	0.0216628330478557	3.1271193616316117	993.2978334700445	
11.4482938369650780	2.2767579223881680	0.0545610988878780	-0.0914263767033201	0.1430230197769601	-1.5315356772179938	64.5316859600716800	2.0806727479231870	0.9298604651684583	0.0335076766235958	3.1666549991604858	1003.3944524465333	
10.1843160924621720	2.2402173929154507	0.1568107109633771	-0.1005822566973407	0.0334658320672391	-1.9161160103857355	61.3496038475977560	2.0433356245891603	0.9365110677617399	0.0317317223084240	2.894190766379308	987.437705396306	
11.0854915336712910	2.2172128283695840	0.2754824662568791	-0.0567975010445566	-0.0288339230352217	-0.2800816194955334	59.1194096466752650	2.0445428772940570	0.9015322711601890	0.0472573654515294	2.8932669243102054	998.7585654228736	
11.9972162576021990	2.1885808198222327	0.3057004696589647	0.0005470393858666	-0.1222100409450403	-0.2759301613286692	59.8731086582074800	2.0463482643810690	0.8341004170124586	-0.0086230214999393	3.3973021253111013	985.3703597539112	
11.4414093180620070	2.1152888738996300	0.4684123130022110	-0.0494815397308234	-0.0008257465225152	-1.2995627017833977	55.7490730428838200	2.0126925433060054	0.8033426826549861	0.0038468343963506	2.970720283441463	993.7693120395654	
10.3022970158057280	2.0585518595623222	0.6222160894018827	-0.0727839202383484	0.0215848876664127	-1.3198550167475190	52.6270236965133050	2.0147613175961734	0.7550773471050559	0.0260988978742686	2.9753991493164453	993.8589939567472	
11.4305508222849620	2.0119217362518276	0.6347849521105443	-0.0201694726822181	0.1032275161184061	0.0245158272624202	51.6727119229173650	1.9719693863184606	0.7497585895907346	0.0196624671528913	3.0439484226341453	993.7004430856964	
12.2028181540601060	1.9078710198720923	0.7317957291194589	0.0001984434722263	-0.0891647209768651	-0.2141868953328351	49.6284318835061950	1.9275308541473304	0.6782929745830102	-0.0063485389236590	3.128171118399391	981.7495383815308	
8.9303141554822100	1.8339727268551849	0.8163608894214869	-0.0504676320542519	0.1308820929681158	-1.2872655492282017	47.9693611779867500	1.9094793441645352	0.6215294203171913	0.0061530805292080	3.134669882416283	989.7529289917325	
10.0184026430605630	1.7012716719213474	0.9870395921190783	0.0253243819303423	-0.0439168489902667	1.5115349378650476	43.8064976894666960	1.8900016204402130	0.5445042120274910	0.0249563665323653	3.0841691139165675	987.7058920676184	
10.5398051642767460	2.0934199347535970	2.3867403026405345	0.1172395408885887	-0.0705646330817998	2.1140009914596200	40.4905390927659400	3.1766163319265517	0.0423093970783704	-0.0000087472102770	3.11323512787224	994.9818826729298	
8.8959500517241200	1.9984062422151754	2.4145589442837510	0.0876173066802825	0.0967899621059065	1.8285609483626060	38.4753493102373060	3.1348642325763745	0.0622398532434436	0.0123142501485251	3.2548496687190016	991.655266186259	
11.5812991603145630	1.7739056204653219	2.5808025749568926	0.1720670584346603	0.0390505725263548	3.4077391339408730	33.6780898256234600	3.1360250607080580	0.0450713880413256	0.0143367503985498	3.2871737073102136	985.5982859856725	
11.4610355725864600	1.6232035611223605	2.6721346822660923	0.0895634359601725	-0.0025744239276122	1.1238829929610599	30.6023930084888700	3.1274532889994860	0.0368029973929128	-0.0282247157613588	3.2466103186560806	989.6869420384287	
10.4913017537577920	1.4207166694239190	2.7967780268013550	0.0067295943116306	0.0458483789744503	-0.1885209328834947	25.3196675140493460	3.1356639746351290	0.0881300323910173	-0.0171175051820255	3.0385249446650646	995.7581611547065	
7.8832580460907310	1.1103308031438408	2.9082049140744863	0.0052460203353541	0.1465729280687586	0.1704631754708650	20.1257062767014080	3.1126753964914244	0.0418860704641340	0.0039075010459763	3.3201681195340016	1009.1139022699786	
12.3191512865817290	0.5730720521601539	2.9157843279587510	0.1246258529050587	0.0805529264906112	3.2381592223469284	9.1197197448106520	2.9720555872065626	0.1037431417684583	0.0431784024657817	3.126723374218955	1014.3716034231069	
11.0182229036144260	0.0477919974615288	0.5413377261875733	0.0744657505420252	-0.0060643568775837	-3.5670913941763940	-37.0993108545092550	0.3975244445742308	0.3646630409690758	-0.0993526010541111	0.4802101115171146	997.2509858948397	
8.4726237804606090	-0.0607614024281153	0.3723361857173062	0.0070496546620602	0.0767497898179804	-4.1239502291571210	-54.5136363396621000	0.2644250591100102	0.2678683188546782	-0.0264921256043003	0.2979406939696078	986.7676133762366	
9.6033078570043780	-0.1629900606824939	0.3056862867325186	-0.0728179797158014	-0.0777816865375219	4.9046612183943200	-70.4795607026022600	0.2486024289154971	0.2335257589633669	0.0947358231367002	0.3196179617740733	1015.7292844609339	
8.0574558062071900	-0.2550552822026473	0.3196538421092204	0.0105381427242276	0.0762190749144628	6.4571020301873960	-84.4652128377708600	0.2840759013962392	0.2935918557412208	0.0211549685671020	0.35356096921765806	987.7127274477134	
9.9012195959426230	-0.3198347551874844	0.1996497971228518	-0.0031405315850162	0.0860392944682645	12.8522489716600370	-99.4138581307730400	0.2750864033807301	0.2493734803675255	0.0656087876744577	0.5120657161283194	994.7072703197812	
9.1253454878811130	-0.3732068888802049	0.1291609668938320	0.0849538147269384	-0.0271384399969201	10.4506417621997440	-116.2721798652843400	0.2882904934613415	0.2810292744512647	-0.0330790899884223	0.5575449489321577	1012.0595167801295	
9.8419895075850120	-0.3800798075767167	0.0190882978395479	0.0093321591988371	-0.1403448621590090	11.3811933198693480	-133.7746268828727000	0.2579418262482530	0.2766264634737046	0.0430804644244349	0.17429871834128313	1003.0532411924961	
10.5212951604211420	-0.3749546518246119	-0.0749943677838991	0.0889089247934851	-0.0378071146237000	9.1448091353256800	-150.1248669465432200	0.2627277183480670	0.2878039582451128	-0.0475706912102445	0.27962413539742514	999.2410176505731	
11.4051034413912830	-0.2960332358437227	-0.2140393918124985	0.0875772572307742	-0.0620737571427544	5.4322701351108280	-165.9928250941658800	0.2863642483770494	0.2354896582495109	-0.0604851392046895	0.41692360401321	990.7039512385261	
10.6631774844628050	-0.1553614021233379	-0.4005973808187287	0.0839102415468969	0.0102329853957868	-0.4977705000138286	-177.1520345291228300	0.4070775012711561	0.1352498485926707	-0.0874742352896279	0.3279618871441234	1015.419737418163	
10.6074600134001540	-0.0618693144855445	-0.6740265540714457	-0.0178609522142782	-0.0346637140904408	-1.5307423419250281	176.6197023907673000	0.6694441602906005	0.1015043643996100	0.0000392808275033	0.7717413702999023	994.4248407297449	
9.5894223099197300	0.0638297906444169	-0.9086510592935896	-0.0199930714772703	-0.0646536722638362	-2.0126766530237230	173.2483187686749500	0.9099946813997530	0.0434533107873661	-0.0119248581520514	0.9523989729435139	1024.275877019978	
11.4129033874614350	0.1794204928188422	-1.1716278035401066	0.0072265377459836	-0.0870834624462427	1.0588726100748849	170.5678598900922500	1.1851223206008420	0.0149884867378207	0.0146995441545036	0.9838010575995468	1006.2709663285274	
10.0981236938137310	0.2488849172304703	-1.4305944967906468	-0.0055866336394952	-0.1787151305443133	-2.2017911281971070	169.9332335682160200	1.4512167036638317	0.0051650001586365	-0.0501889283444755	1.414114234965052	996.6301066464252	
9.7650596947752730	0.3002823898914531	-1.6359381019614714	-0.0290485116951807	-0.0607767868069619	-0.6749560452876094	170.2797550513709600	1.6633781333797504	-0.0197735572698465	0.0094337154357574	1.6984831781246894	991.4243694687864	
11.5601440422142830	0.2341442535124678	-1.8829186304734478	-0.0180794520850112	-0.0106331862824705	0.8057111024288673	173.6735749091019400	1.8968112823803942	-0.0252427532501119	0.0447518655187460	1.7379421467723497	989.3176744547118	
