10.0000000000000000	0.0000000000000000	3.2000000000000000	-0.0000000000000000	0.0000000000000000	0.0000000000000000	0.0000000000000000	3.2000000000000000	0.0000000000000000	0.0000000000000000	3.2	988.7391860311432	
12.2942048154944780	-0.0159019518544808	3.2406522198865420	0.0151968826600305	-0.0698687975955694	-0.0795185398427249	-0.2985398666156782	3.2406668738092500	0.0010076332566118	-0.0196932790956603	3.1472951176006463	973.0339361806102	
8.8838707451244230	0.0343130254783182	3.1783843987025002	-0.0825852151231338	0.0111466646612383	-2.2911762893953136	0.7025943943527959	3.1793267124311435	-0.0046724555179742	-0.0445523419257686	3.0445749272558955	997.0291861964374	
11.3517969417436150	-0.0526118693827549	3.1790075559170340	-0.0387537583778941	-0.0290519217058518	-0.0830379857560245	-1.0546517415297940	3.1794902165010250	0.0058928787326504	0.0341487967644918	2.9585129187358516	977.5825177326276	
9.1167938160733490	0.0030707010359346	3.1987316298567230	-0.0700027370205354	0.1195923617580653	-1.4528177371039583	-0.0439320246519038	3.1994749103528900	0.0055001329996187	-0.0111309838029509	3.161286909682215	988.6625994707179	
10.0713113465497080	0.0945895595740220	3.1833507981273983	-0.0028736845451496	0.0231487170391336	0.3513941301992781	1.6623215637820437	3.1846775157141103	0.0022132531979243	0.0224046690871353	3.274955012097003	987.5787695716488	
9.8686337705178740	-0.0535212682975580	3.1732479469706245	0.0181223472260313	0.0313282260795784	0.2585838420203543	-0.4190418927253255	3.1736039806225730	-0.0303140578545445	-0.0037829426900112	3.1619639215228603	1017.5424083455232	
10.8608431566924820	0.0184918066661760	3.2077551462474800	0.0139464920381466	0.1476085230275703	0.4725614624813098	0.2690696335558926	3.2078125349786397	0.0034597753231583	0.0125020086292274	3.272503539187668	996.765893668344	
10.3022958348880760	-0.0183561021721034	3.1792047729030100	-0.0125703817991565	0.0498023064796138	-0.4963187880713356	-0.3970390678168939	3.1792452487350680	0.0036618903158665	-0.0149729085224529	3.302228041828468	995.8406607907201	
9.5862908336878330	0.0092870248391836	3.1881587796884140	-0.0452122354130357	0.1519136726756992	-0.5497299020848403	0.0820481214583683	3.1884558520396706	0.0047602925807814	0.0146088594437038	2.967014360590795	986.9588963452971	
9.9493619971583880	-0.0195790974611673	3.1899695638038850	0.0175861677818618	-0.1411428220940632	0.3452411030816107	-0.0477203233018921	3.1900328203661372	-0.0169262172269652	0.0015938968114281	3.1729674311960157	1000.9031003963305	
11.3827623275802970	-0.0143791518393059	3.1934771587562560	0.0357928416944646	0.0932397125924853	0.5687380068255702	-0.1477931791710192	3.1937015811015876	-0.0061482609286699	-0.0040817617379351	3.2330326232297155	983.2945128920878	
9.9168535601096600	0.0542487982997711	3.1799829831422244	-0.0525144009567044	-0.1163738030580702	-0.9684503667081089	1.3714055330518784	3.1808037405908700	-0.0218715108824657	-0.0012916476990216	3.1987143793088997	1006.3786568760888	
10.6928049614802860	-0.0597814258148335	3.1941747495017900	-0.0001658491075182	0.1446556873457623	-0.3369975111842238	-1.3420635315714176	3.1946444103133830	0.0149995829381482	-0.0186622854532660	3.1278428828058695	993.5778228711081	
9.5930210393177070	0.0194030484786219	3.1869213700304138	0.0097171433003997	0.0002159939634347	-0.5545550064423929	-0.0263899710271997	3.1866687733717667	0.0208707635763761	-0.0405618042711765	3.0459723693061385	993.7882462630989	
8.4857393022068560	-0.0436251191498564	3.1661042470403475	0.0120231186556237	0.1220002398906497	0.2228484976027137	-0.9566550988557792	3.1664141082186807	0.0092428573018001	0.0002727500086427	2.97390078237046	996.8561068117449	
10.2442138888365440	0.0227956518449334	3.2038435411538380	0.1192390153812748	0.0202322872115616	2.1064633353707870	-0.0961175854066666	3.2060186370434410	0.0281697882564975	-0.0014080784780907	3.3037854892440692	992.3248756461511	
9.7593199761328830	0.0241328648258881	3.2088416840629277	0.0868085525196959	-0.0607312060858500	1.3175322843535358	0.3457044697609412	3.2100765189580565	0.0047851939634314	-0.0129968337657185	3.2416719897268664	994.2982649419728	
8.8914557921456670	0.0243397702227723	3.1724693870490084	0.0451620875446608	-0.1563920780563416	1.1424486307944917	0.6425147806130745	3.1728126498337520	-0.0112864485945061	0.0180708456373665	3.402072727650718	968.7736466784645	
10.6048544367774370	0.0595970145693803	3.2080670220344710	0.0690417893338230	-0.0221226773113718	1.6353508012657347	1.2916525692721470	3.2092587538953170	-0.0127420588349679	0.0225495270025502	3.3260993757152306	1012.8314534061707	
10.0579133787463100	0.0289938790445656	3.1459176452228323	0.0703938819383312	0.0321243633640820	0.2506263904944987	-0.0298230496278979	3.1461799503266654	0.0305996007594899	-0.0566494373902373	3.093697960296216	987.449413462524	
11.0320832339039000	0.0111621713864756	3.1798293497956860	0.0030777234647411	0.0389590051895169	0.1921791404963383	0.0674278784474323	3.1798327198785628	0.0074251767789603	0.0075829158865141	3.2198157417217437	1002.7017653679238	
10.7160286304492370	0.0242524745129488	3.1893341673174334	-0.0510232401660982	0.0668690221742512	-1.1592436429532580	0.4027690997987559	3.1898053263452900	0.0018163945053068	-0.0135153655389826	3.0542983632985	995.5505372793176	
9.5200932635365060	-0.0073892440901800	3.2031974265735075	-0.0921550851407737	-0.0433234639773924	-1.7093199219410304	-0.5172376350806503	3.2044571620545557	0.0215301168541466	-0.0034153884373089	3.2624426496985404	978.7345601507188	
9.9570697734023930	-0.0373960358289656	3.2167488238889055	-0.0395384289392202	-0.0082066440380565	-0.5742663836096403	-0.8514639817888409	3.2171840446254870	0.0104089106750368	0.0072955078718899	3.146335260714212	983.9457968687849	
9.8696766865569710	-0.0488812187065173	3.1985202511063084	-0.0157127608831498	0.2127946081109875	-0.1828011696443510	-0.8897742498785032	3.1989274932410323	0.0008145141244171	0.0055036976074124	3.232341665408442	997.3301356854416	
11.4121078007172390	0.0299848578742034	3.2333514735218530	-0.0209484679232201	-0.1482724838090194	-0.1255134078715975	1.1952309919697863	3.2333115635290417	-0.0375025578060139	0.0137685381720397	3.0740870793120516	998.2797211506868	
9.3765789750863750	-0.0581196380556979	3.1610705269097674	-0.0774505355447791	0.0315715062181570	-1.4006301984119132	-0.9246017647189031	3.1625453165773862	-0.0071029161592175	0.0001518485082788	3.2927285147862304	993.9987139090518	
12.0980706880311800	-0.0360849612298236	3.1855536234290485	-0.0340130144722417	-0.0563338784526116	-0.1223333868214984	-0.6960619755492614	3.1858222821660490	0.0025899258579671	0.0272135271647414	3.188072292868956	998.3250456038569	
9.2614801686067660	0.0516370716243793	3.2027721972914702	-0.0912800134670742	0.0694932343469765	-2.3463697370320302	0.6110920748817148	3.2041922575583600	0.0174269464728878	-0.0399556492553355	3.355896482129061	988.0883396260856	
11.6251106650881620	0.0076203915967171	3.2127050120226635	-0.0311990296190282	-0.1018135246854411	-0.1427797605779549	0.1737433267881890	3.2127811207485330	-0.0021630230742918	0.0231891264557551	3.1213161473938	1007.907348308149	
9.9426759270265690	0.0571284335804734	3.2324771320489027	-0.0716675673463024	-0.0658501220678127	-1.6442287157946611	0.7689782665751458	3.2336779666348163	0.0137651312361566	-0.0211101069245981	2.9768668760004515	995.2996765542954	
8.6750385377600650	-0.0650320513594299	3.1802739441613480	-0.0390056008828670	0.0164195161249192	-0.6807738984925025	-1.1148045315283681	3.1811761366667906	-0.0031446790658764	0.0012095499794042	3.076984506818333	986.0279240490734	
10.7812529242978400	-0.0305569052665202	3.1667130881909210	0.0482498688224618	-0.0374834823607930	1.5632951836541630	-0.9398521583335515	3.1669259032958266	0.0213651301230636	0.0381760588493627	3.229985623252642	986.5845945102558	
10.3206328644300850	-0.0989920617158299	3.1875679075631080	0.0212155074992178	0.1102120462710130	0.4869373102734766	-1.2806685824512853	3.1890492865470867	-0.0277137452100134	0.0059403423637876	3.5079421876159547	992.278247320613	
8.5556566194874080	-0.0383264055083016	3.2053666749257306	-0.0049797226302840	-0.0393000417964347	0.2242294393002201	-0.3055631562892295	3.2054814529282254	-0.0212434699035562	0.0175100439950046	2.995382781319013	990.3064604161988	
12.0734975186843730	-0.0655476287811217	3.1969072204720286	0.0925446338473485	0.0282000220774983	1.8551459334340750	-1.0289501707524618	3.1988887622144660	-0.0081228445462881	0.0110219586932776	3.1248664542703866	995.1337761819336	
9.3194404400082080	0.0341449131553992	3.1500830577873047	0.0096513924697213	0.2066526793111334	-0.9733014221107404	0.7411086682087670	3.1496427221052070	-0.0068302254168088	-0.0631376792420175	3.2127490699283623	985.4097941488116	
9.0982069743432060	-0.0182425353279135	3.1971913880752430	-0.0140707060867561	-0.0119321444349631	0.3404864397484356	-0.4696420319432915	3.1970934411464307	0.0079576344310054	0.0330719137669342	3.1779614438841994	1006.4623019135452	
11.1135028657413420	-0.0552433880716566	3.1757221137005174	0.0807534105907703	0.0794560297832467	1.4862639785285827	-0.8512748110069438	3.1772183203770665	-0.0080532783774830	0.0016667518911961	3.4346556174124303	995.6344595942543	
9.3857770940792660	0.0014699691702396	3.1907273763775117	0.0456406686845337	0.0663503878179108	-0.0440528760041496	0.2209595673455693	3.1906732836992250	-0.0108906489509767	-0.0480813089015256	3.101011386532396	999.3793416253006	
9.0965036158545370	-0.0173394911151788	3.1530913489313880	0.0809062199029197	-0.0446329570966828	0.8621549533904299	0.1564864776436419	3.1538926600974010	-0.0259250841922881	-0.0334739849799235	2.96665305430793	991.6387584351531	
10.4221672011692470	-0.0754687590310248	3.1712629216180020	0.0797386645162134	0.0640520371759597	1.5393699013685351	-1.3574682165801110	3.1731580297586386	-0.0003139712739921	0.0055068900453972	3.2051522532231647	1005.4140789650447	
11.6480603495054260	-0.0175967523621200	3.1885136922463270	0.0088652789511735	-0.0864290071591433	0.4174544323669926	-0.0179116258303832	3.1884989978278417	-0.0166216204570286	0.0143410979744542	3.1587950803976836	991.4099361915221	
9.4448329653732900	-0.0449340012189580	3.1750205286643390	-0.0665258729773691	0.1043520048875528	-1.5473102372719731	-1.2683006804486219	3.1758758215525242	0.0253185156448209	-0.0192834780199854	3.215008372744281	1001.1606076882027	
9.6755709546927770	-0.0347272812467278	3.1786203010109215	-0.0510484177472569	0.1418974347370053	-0.3338762433223310	-0.7633783597571184	3.1790443522675390	0.0077053117706572	0.0325050381084801	3.1864548284489844	984.2549808799383	
9.1661166607085090	-0.0398839339922046	3.1780099564494700	0.0205030529220095	-0.0831311204771330	0.1330808574579025	-0.9106269371871684	3.1782814953884633	0.0106475081096351	-0.0131054684810186	3.2130059022373056	997.9487685459491	
9.7903280410082290	-0.0649192887272235	3.2408992561964610	0.0409753229076083	-0.0960760909757921	1.0413556263065789	-1.2377867331628580	3.2417546864608804	0.0050749360057494	0.0179520969378174	3.242860118634622	979.7582018386444	
10.9914337405714250	0.0001797523384187	3.2174415078281604	0.0450868992314796	0.1621327693163026	0.8314512399720347	0.5660526783216683	3.2176017745669350	-0.0316017323346755	0.0016934892723584	3.100663467496821	992.0927447640944	
11.2974430231215560	-0.0234971373392222	3.1553488746134652	0.0068745038051533	0.0079445036750761	-0.5780135226855226	-0.4925905234053964	3.1552043557156930	0.0036255943691616	-0.0387068925174529	3.3068090415825697	982.6847862364818	
10.1268154020057060	0.0707001302418261	3.1957041597025100	-0.0832107738407111	-0.1175100961480154	-1.7752896640329110	1.0473800118647405	3.1975061554334740	0.0123058560438730	-0.0158293875870405	3.314121515439748	987.9378280653037	
9.1072089026132000	0.0176708915630680	3.2203524053929920	-0.0755490384627903	0.0200202892961033	-1.0548575385604760	0.2357933037548186	3.2212429220645853	0.0044235169443596	0.0162481410742612	3.3451705754993726	996.0892016575502	
9.4174413086404130	-0.0824108530253033	3.2089524152474630	-0.0040771577233323	-0.0661715455678836	0.3923419030866342	-1.6385034283082070	3.2098935844428182	0.0093475439985828	0.0260686633339031	3.3341550225939676	999.20851438671	
9.1780840612443340	0.0850085203764327	3.1831182606423147	0.0475727972371318	-0.1054906555438327	0.9119863045377059	0.9024010946428991	3.1844161367268566	0.0348605606470280	0.0031765190206231	3.1296792102956923	982.2730821088195	
8.6530583909085140	-0.0072018301524903	3.1661235961686516	0.0776475320501188	0.0054191186294912	1.5440349301679246	0.1251475411367551	3.1670429686526886	-0.0141166430703280	0.0076933024719464	3.132779992814113	991.84533205401	
8.3527988273195090	0.0666273510096071	3.1970947518369637	0.1026546073936847	-0.0994080846241275	2.3207888974120663	0.9668007402287249	3.1992978419936384	0.0126263822930065	0.0269428511891889	3.0583173853657994	983.9451777545638	
9.9578541495232980	0.0332395759736090	3.1776411236305475	0.1509437795334255	-0.0481451682179301	2.9469202393747040	0.2333141535797211	3.1813079858193123	0.0202890461020223	0.0126435180740102	3.4718848416406014	1001.5664213193573	
10.1358548321191750	0.0765406111304526	3.2122334500789270	0.0942566086459353	-0.0585735466333530	1.5229379632097892	1.4583125801089587	3.2145110350804780	-0.0052252353426082	-0.0088325247279583	3.0969448315529347	978.9119900129548	
10.0118288404305820	0.0820201819931219	3.1897995913446593	0.0239988839379726	0.1466480871456523	0.4906025601274299	0.8829875205961372	3.1907732995947438	0.0328626564573963	0.0032382141441966	3.2908854393314506	995.4012161016378	
10.3976160329504500	-0.0026056302742963	3.1941959501752300	-0.0217010379148807	0.1006492481395206	-0.3358540669546576	0.2104459548704567	3.1942371633496154	-0.0143325352740962	0.0030025289963728	3.050294279383989	981.348039037252	
8.1391358469049440	0.0427604188881798	3.1723273673886450	-0.0482059483660585	-0.0624360754838033	-1.0614081329734188	0.5797639321254126	3.1729462378183673	0.0106701783594441	-0.0105599229343180	3.155814636578057	980.5490663439602	
8.6678156372283900	0.1465775448708281	3.2044266646135120	0.0487767232800074	0.0700113055343710	0.8771669632847918	2.0661849320109210	3.2079988111906470	0.0309505072237922	0.0002962808698069	3.2108349176729294	992.5642302976612	
9.3073747111210300	0.0914064186685892	3.1827190903289266	0.0622472738788304	0.1237667641410333	1.6862707375199055	1.6856152384919736	3.1844834575621820	-0.0021857509186065	0.0314800798773723	3.1347721431020488	985.6015864059233	
9.0324426500429030	0.0855509898755829	3.1938109903939330	0.0594609263914429	-0.1613023738416539	1.0849238480809151	1.2847818530805708	3.1954793696648065	0.0139155158485189	0.0010828030177732	3.1172881307710103	976.3282242219403	
10.8090668672274610	-0.0314862010530720	3.1829077745277234	0.0898065199947186	-0.0201439710199693	1.0473434662022207	0.1224409903868262	3.1839430092640777	-0.0382768757466840	-0.0316273233268872	3.112158561524977	997.3061279948711	
8.4234921448141940	0.0590586755014063	3.1798634889173494	-0.0340749451741438	-0.0316590300803167	-0.9386349539411040	1.2402063155680771	3.1805282779520070	-0.0097701400026819	-0.0180348191616010	3.4299013830535996	988.2791500048514	
8.8657790538777540	0.0070518601846312	3.2180953444005267	0.0121702014256162	0.0913325428468222	0.4416780302901295	0.5531922326480070	3.2180116375598375	-0.0239986053919914	0.0126750012166879	2.999416417544261	993.197144072431	
11.1857004186918450	0.0601590172683198	3.1996935316569983	0.0500267420916076	0.0382492054324450	1.1840232252871750	1.0870864876919524	3.2006094017881126	-0.0005459599509211	0.0161132840817572	3.3305996235184385	1001.8102847423819	
10.3508009276017780	-0.0220169614778224	3.1868147190424545	-0.0890417133267247	-0.1512326851856267	-1.3480100321968091	-0.1349329166172452	3.1880704727102858	-0.0145489075010069	0.0140077526340856	3.1112205129927233	1003.8425919969899	
8.9960325436055180	0.0384337076338729	3.1882352146866180	-0.1075986905668970	0.0395876930772853	-1.8752202129187288	0.6461318830894927	3.1902792980271384	0.0024801007611457	0.0032034265570932	3.260855710085155	1004.8026289396131	
11.2473228172023050	-0.0260535255542618	3.1913113209777535	-0.0894511062544543	-0.0025119284785048	-0.5909606495682588	-0.4724614152688966	3.1921705039141510	0.0002601600359421	0.0565299943566102	3.3019520457741383	987.062459915041	
9.7555949679888060	0.0247226209930324	3.1855167612628720	-0.1057629537484583	0.0364359850316158	-2.0389667995249527	0.8461892706554794	3.1872805412503450	-0.0223294450945916	-0.0076284932809370	3.0859167548221023	977.0346927044068	
9.4360968182961930	0.0813134172627245	3.2025479270633594	-0.0744854755114997	0.1181032387460331	-1.5627825454122790	1.3663654714017297	3.2044160518526814	0.0048979053143281	-0.0129213071840372	3.077302428220418	979.9787249553239	
10.4993146782891330	0.0885436885463246	3.1906297322342243	-0.0408641852972861	-0.0258714283965944	-0.5970219345124400	1.4579409890249861	3.1921021808246444	0.0073320003920966	0.0076068116341644	2.8795927208752725	989.6158100911932	
11.7293061113566440	0.0837508989856065	3.2108773473127528	-0.0370980481635703	-0.1790740806768755	-1.1624944040712930	1.2705983910234238	3.2120365295939270	0.0126190038552717	-0.0280341049532024	3.1682533918819438	988.6421573512719	
8.8300232680873300	0.0261281556717283	3.1834811391185722	-0.1228673894098307	-0.0521690147130228	-2.6465050412816886	0.2659757091192229	3.1858458565066580	0.0113718098929001	-0.0242507637404597	3.1194044514643187	990.3746988377102	
10.7641325780578900	0.0159209397734666	3.1846598253152040	-0.0678771345407609	-0.1467484453667570	-0.5151107270145225	0.1911355620034733	3.1851767455579280	0.0051964927069564	0.0392566008965998	3.41188762762612	981.676430137801	
10.1840543863783140	0.0124743894813916	3.1925374087427460	-0.0649731749931081	0.1394558041820382	-1.1355826954032044	0.2281790571644351	3.1932224037105220	-0.0002357670463433	0.0016896563448070	3.202609472206793	1000.7398639343663	
9.4893653362294580	0.0123764665818695	3.2088977205162840	-0.0449253343992309	0.0105171570040268	-0.7113388953915184	0.5885276422093924	3.2091660081875080	-0.0205836525244358	0.0050880716528914	3.0723133900155752	981.1560086490596	
10.9063676619562900	0.1284805813788623	3.1926219842942950	-0.0205011717878058	-0.0963212991972455	0.1195642009845857	2.8651412267563465	3.1950034604151623	-0.0313098529154779	0.0271159267020678	3.290183816693177	1000.6525605764251	
11.5348886352455900	0.0763388297274826	3.1403085169760168	-0.0163264881280061	-0.0540536583141787	-0.4965646414914888	0.9960225342108496	3.1411845544078560	0.0217495923744426	-0.0108767325943556	3.0739697140176903	996.9275906362309	
9.0578726940609910	0.0277686429278167	3.1639705738775780	-0.0789784578557008	-0.0920226499316820	-1.9046125627986960	0.4329603031187265	3.1649669514722674	0.0039013880674712	-0.0262194957620492	3.138371812039849	990.9706957690983	
9.0614445239089410	0.0145223357153003	3.1952882166577816	-0.0464678522103561	0.1404850667764637	0.1561461105344338	0.0950413320228370	3.1951694071823735	0.0093572836492194	0.0551529481015074	2.962250795606988	987.9514371073003	
7.3381856480181590	0.0936261284012423	3.1644545074550057	0.0218512836048320	0.0220323368447351	1.2821755210966037	1.7131565348197237	3.1655353746663710	-0.0010006752810792	0.0489943940844886	3.274272546456078	1007.4597245580712	
10.6690601163513980	0.0742114405665497	3.1809234305264540	0.1556628041307470	0.0084524415787529	3.6957644757208654	0.9338591341212098	3.1851275061275257	0.0223656120396335	0.0497460197497113	3.1716183532732347	986.5040234835744	
11.1729461766673330	-0.0263420569882504	3.1917227449119667	0.1137994500151352	-0.1258715365752808	1.6283402759331036	-0.8716058288407851	3.1936989983186934	0.0222634524913143	-0.0230075205061499	3.347916282469097	989.0516895704749	
9.6878359014095800	-0.0289486213065872	3.1923643982510330	0.0111128796681282	-0.1452342278132633	-0.3672580546395853	-0.8474986117268891	3.1923065394790515	0.0183531119279271	-0.0315292130031189	3.337602084396453	990.8926858802014	
9.5088400620538280	0.0072262073588806	4.6862269456218460	0.0121461134754596	0.1910066215245931	0.0632657760633471	-1.8410422239770428	4.6835863348339840	0.1577514479200557	-0.0075004568601097	3.0940785861173294	988.3288485690907	
10.9502941989920900	0.1568152261530313	4.6842808394925690	-0.0209512811533449	0.0856081349085913	0.5057968370649661	-0.3479732268907574	4.6828746398547930	0.1853539689196763	0.0620158704136487	3.246197735487804	1005.5909443386366	
8.8274563942602150	0.2085547713012854	4.6758395295794415	-0.0312689704150570	-0.2204804703584081	-0.9349884338077061	0.9119600866874188	4.6784539271130310	0.1342800104891530	-0.0445631931613773	3.3786761252167867	986.7482142149009	
12.4340067986148950	0.0404967276775587	4.7091902040201985	0.0032997196158207	-0.0678087102687124	0.7001255762200932	-0.8544649142291267	4.7077514566715950	0.1106545824539780	0.0543602458635077	3.221081079762089	987.2492003047838	
11.7320249087594810	0.1474154813858278	4.7211038706412065	-0.0845927881725188	0.0294890713191487	-2.1261361284919134	0.0973055417374292	4.7212354767633780	0.1393507504621497	-0.0906970928029758	3.269359349090124	982.2380225322564	
10.6904477952540340	0.0759177472006711	4.6848922051900980	-0.1800816813767702	0.0103315835415919	-3.2164188758241160	-1.1334680670742043	4.6852015170970010	0.1685619415067559	-0.0829548469101678	3.0183872895645916	987.1780612427914	
11.2816367326099150	0.0172494947431223	4.7126518491749390	-0.1390251617610060	0.0201078590651082	-2.4818601461390246	-1.5251499555281210	4.7121248892815770	0.1426512728467883	-0.0651355077650843	3.113920716210964	988.8504538240971	
11.0426968959580040	0.1460057755812890	4.7078276158770755	-0.1528730270348802	-0.0876228585852976	-2.5768793796345433	-0.0016942374305562	4.7099358676917490	0.1462349596756702	-0.0587211078927467	3.258881654424078	990.2148750732562	
7.6946773584067310	0.0713416094759490	4.7238631758205350	-0.1194961903876232	-0.0980852921796400	-2.1746709116900760	-0.7245177795790869	4.7237165508124340	0.1311707751164317	-0.0595688170864484	3.177185228469166	985.6561492758389	
12.6805198416906750	-0.0248061429558383	4.6923856329024120	0.0398594928121158	0.0044183008429492	1.7453525373866910	-2.0843099570550314	4.6892213847218680	0.1458805043848085	0.1029987149051703	3.3340562135084153	993.3465282858984	
9.4727407371177180	0.0919404765762467	4.7141437720757610	-0.0445065399616229	-0.2183033397101041	-1.2521585149386870	-0.3043870856921789	4.7134358089882290	0.1172052905656809	-0.0580618768556400	3.167640490679151	992.8536617784993	
9.6565639115847900	0.1157289181057229	4.6806393680967940	0.0230648477455182	0.0892197150482034	0.5314578979130261	-0.5633308752917396	4.6792879524612300	0.1617740043358970	0.0200871435828760	3.2181436296449846	980.1292845370899	
10.7419057735358390	0.0490511554123014	4.6997211324587380	0.0137500115526624	0.0917764498433395	1.0679503034293487	-1.3216689810909550	4.6967797414110470	0.1575572073471268	0.0735499056965908	3.0697078605680987	994.5633134683009	
9.8855480910861930	0.1273900610254590	4.6890174296777590	0.0542421666627077	-0.0122811147802127	0.5594717483086231	-0.1826142490973473	4.6888937181323050	0.1423361280560894	-0.0084275039930978	3.0569393924960533	975.2834282262992	
9.6283922325380530	0.1170278510084654	4.7253004481363385	0.0369201093184369	0.0152774980840529	0.9991651785130390	-0.3677244947605367	4.7243774999739620	0.1473643447904417	0.0454304431574642	3.3581452700498096	1008.9246795520174	
11.2321175199245950	0.0872367391459555	4.7157412184323935	0.0453241849813786	0.0974924687679447	1.3914575887864542	-1.1287737769702900	4.7128184001166150	0.1802351469492690	0.0688315984829895	3.2069263892951314	992.7319242829959	
9.3975826654946340	0.0104054802246788	4.6906118691576990	0.0232452974906272	0.0616728865658580	-0.0941912686310684	-1.4345460016121143	4.6888366724548010	0.1277979906435993	-0.0310911175042658	3.125348114092195	980.5769702589614	
9.5015577002370750	0.0095116541793346	4.7101931350696970	-0.0059581436073213	0.0250305828583542	0.7698298364551082	-1.7964357400707227	4.7070749869919720	0.1571950725810072	0.0691383879545882	3.1405254412973163	997.4590069080684	
10.5536129727422770	0.0675513218821099	4.7128196510591510	0.0620621590836779	0.0261330946835648	1.3400647803714085	-1.2267647150991260	4.7104563446093300	0.1684566302196859	0.0480348347784139	3.1291880858886025	999.7324900566132	
10.9402877571018000	0.0556764957456635	4.7025437034574670	0.0255553850649728	0.0764160524877577	0.5230271141453291	-1.2916884244616730	4.7001311145242020	0.1616915246434899	0.0171344667776065	3.2235641783932083	987.8859828084394	
10.2601189266313510	0.1454342979458657	4.7012371041434150	-0.0018104494215936	0.1610390053647220	-0.4523868299458157	-0.4657735011724392	4.6997672973515070	0.1835468139669901	-0.0358139630418964	3.267918292756274	992.0928134229592	
9.1217408377611100	0.0806429836784674	4.6824437088231980	0.0007371640017823	0.0516653940876797	-0.2173532816126743	-1.1369447837647526	4.6798852566898010	0.1735200088835623	-0.0186470174495292	3.1108806683990378	988.8372589821003	
11.5284260030989600	0.1935558801314564	4.7066493773402710	0.0268389283513199	-0.0095417183009038	0.8058867288251791	0.8136504538011687	4.7088350738309450	0.1266934878605739	0.0394154236221109	3.075710875116098	985.9617753671583	
10.5495682771617680	-0.0697871647643836	4.7072707993852200	-0.0037614663462828	0.1485650279478971	-0.8023273878523406	-2.6299536979509850	4.7051062395696780	0.1461189751383240	-0.0625083610943312	3.177826543863916	1003.5027979175906	
11.2851931269526420	-0.0146047383880110	4.6854736050427280	-0.0518611704474532	-0.1303986070005447	-0.9246212022995299	-2.3744347139824280	4.6822830362430830	0.1795797078788263	-0.0232911992836452	3.2631003951614113	981.1685533438812	
11.2914297411789270	-0.0129754110706800	4.6926140534983930	-0.0915672581096166	-0.0435830288673132	-1.5615342246736580	-2.1872325361313227	4.6904441085237000	0.1661558419084405	-0.0361369638431641	3.162777351736939	998.0213787293787	
9.7686647069403950	-0.0086228980518874	4.7265842567953870	-0.0982656153071299	-0.1259749815000433	-1.8875736527506370	-2.3699864075955954	4.7235718398683000	0.1869651210853310	-0.0569415420343804	3.1916384387013377	994.3236928312713	
8.2801656848934670	0.1176824626444379	4.6887288096907520	-0.0446242240512812	-0.0045716687510358	-0.4296344284357266	-0.8007607019726082	4.6868290894930436	0.1831973347960974	0.0094950837657079	3.1533452195010256	984.8712036764399	
10.8298544490755550	0.2310448144601916	4.6930709386699980	0.0859003261945002	-0.2948672726490251	2.0861477741806604	0.5274768612105636	4.6950142966763990	0.1873899852785990	0.0860299665213782	2.959746247193119	976.2903853012892	
8.1006744381504690	0.1056610503325080	4.6844767493620780	0.0199374164863343	0.0480162908305643	0.6303886282611391	-0.5152640971770676	4.6832730128597750	0.1478103892373301	0.0314666378924388	3.1786832359257944	986.2237608299146	
10.9859428357466540	0.1673617483982088	4.6822548800082740	0.1477355448862481	0.1211462344453768	2.8223546358836638	0.5677304801208353	4.6852764629897350	0.1211342866271777	0.0828097661435357	3.1609383815181693	1002.0661183347133	
10.4581138891084710	0.2347140179491455	4.7119355773131140	0.0864782063664535	-0.1040965087080434	0.9144666503586490	2.3871119985367932	4.7184020379778895	0.0382741649801123	-0.0111054693030134	3.223413863023082	981.5639896125277	
10.2668188756098060	0.4130436177545070	4.6715008323956390	-0.0100820896641164	0.0284041664382304	0.1240761669585195	4.7938928084090670	4.6896447588102160	0.0212038067187106	0.0202272221862295	3.346584247107002	984.0574074639912	
9.4362989099963670	0.4149790772007691	4.6960658962117220	0.0127697034901410	-0.0186357971420725	0.0840654824206298	4.9509656034982220	4.7143721744269760	0.0081473540450276	-0.0058500440302108	3.254795425929794	987.0033783182482	
10.9967005866874090	0.4123338803635836	4.6813856904455290	0.0101710442778979	-0.0537111789176711	0.5574365095520096	5.3006342350551590	4.6993351749621570	-0.0219366547947968	0.0355296817515079	3.0062279306506627	995.1872806310823	
10.3128165553496220	0.3866663404822361	4.6900337511350750	0.0086279408645542	0.1179975819273939	-0.3755043925818431	4.5859717616530610	4.7057767826356800	0.0103560687808647	-0.0394906426641066	3.176006279737995	990.8376310497688	
8.9567005098350400	0.4839606140501792	4.7060280896471790	-0.0291356808350367	-0.0018833753654453	-0.5385151031216484	5.3505837757044540	4.7307168364553200	0.0430170059828089	-0.0153262804448137	3.485516331603597	986.2997987499128	
9.3676726475408110	0.3438075952421134	4.6955851387790010	0.0665428976049416	0.0707349427417433	0.9997596779028130	4.4306749033427730	4.7085569862031695	-0.0199477489249878	0.0156400217453539	3.0263619360921323	992.9686047000711	
9.7114542912227280	0.4884954652781912	4.6946154852773580	0.0279981650292965	-0.0201318053473209	1.1151488875930764	6.0041866652435125	4.7196101408019610	-0.0052688389274908	0.0638641497553754	3.17573908133147	984.953117203062	
9.0611606161487860	0.5349412730412906	4.7034131938188640	0.0427126608916285	0.1409708617316962	0.9897973362692315	6.9257687509833450	4.7336298895893805	-0.0360190322929752	0.0391523497577536	3.1296124461965222	996.8107943896199	
10.4333776251959730	0.4448094827321441	4.6812943946277230	0.0869777037611333	-0.0810757569700955	1.6790079556409414	6.0323465061946075	4.7026474190953590	-0.0496822212285601	0.0507615466912544	3.361993515385586	985.2943754061888	
9.4735580858971370	0.6015709779330687	4.7132513440549495	0.0133147229589020	-0.0224610886316391	0.3430845195391056	7.0952627068629630	4.7514582393731550	0.0147801903772643	0.0151426893245870	3.1649855487415524	998.4117823316418	
10.7237768811791130	0.4658600254937291	4.6983140891350990	0.0343153052867876	0.0289713345564903	0.4487520872458354	6.0701266988328210	4.7213582583258750	-0.0335767449808194	0.0026800055745282	3.098843336330599	987.9262760332736	
8.1191420255832550	0.5043010207674920	4.6999050963301380	-0.0155736526724361	-0.0484420289637494	-0.5950078920259851	6.2535294937826125	4.7267783235382940	-0.0106231961594809	-0.0335231344980720	2.9698502909391573	1002.5242647656206	
9.7606164102069480	0.3086263676076593	4.7201522975526010	0.0370582812023444	0.0672483252601361	1.4073180721519756	3.9484477937365257	4.7296835926084640	-0.0170377109136286	0.0791460251471054	3.2722370793733586	989.80692141831	
11.7277752283644820	0.3179181258033198	4.7218380612262640	0.0926146310302798	-0.0825753017588870	1.0464204674726914	2.9222730969969540	4.7328079094583180	0.0767886774373807	-0.0060722505205054	3.5216165108024247	1001.0625087531841	
9.5673364695741900	-1.0078406328883107	4.6025541855831620	-0.0451770917914468	-0.0700434885283966	-1.5382022406502870	0.9333462300725253	4.5850868746172830	-1.0825829653468868	-0.0792541324196031	3.023685944341341	991.2262402543709	
10.5012699790001070	-0.9972867807669031	4.6284973742059970	-0.0477446714688218	0.0350872694485830	-0.8557195910875041	0.5176107032489580	4.6194969946776120	-1.0390722297161379	-0.0206115835181654	3.190282214369278	1003.5049137859238	
11.1614140916302680	-1.0719282629894702	4.6005175627254100	-0.0893547700460903	0.0759846587074447	-1.4091242679338990	0.0439548658133541	4.6005002182585610	-1.0754878646592245	-0.0223587934433501	3.234973754300386	991.3282339599577	
11.0645052507000960	-0.9698250871143335	4.6355872568441850	-0.0972416090546909	-0.1706665319303031	-1.9594001898634683	1.6048111032697636	4.6072398787500010	-1.0990824235177628	-0.0635953765148463	3.212249943204404	1000.7135523371192	
11.4389502800819540	-0.9279006224438806	4.6499390416265740	-0.1204185534723339	0.0341004715687152	-2.2390884787067535	1.9209779518932757	4.6174017489916360	-1.0832857997679950	-0.0593822231410723	3.226885787137542	987.8928681678051	
10.3460361714147240	-0.9651497491742705	4.5785479906865180	-0.1596930207349064	0.1363098718963231	-2.7958164767361210	1.4168607668173703	4.5556530397127200	-1.0782113690271171	-0.0600268912994097	3.3680194411349382	976.9927816031907	
9.0940485379200650	-0.7873301122310334	4.5900650977407350	-0.1407795604236928	-0.0101999104375289	-1.8549943089394960	5.2495738473832665	4.5009758868137070	-1.2039912358279920	-0.0051344062394824	3.3208525682722834	993.3647499563049	
11.2566339032690590	-0.5116076083015633	4.5935424395112740	-0.0183289708228799	-0.1920069309008656	0.1868934652000935	9.4210236282980380	4.4477580470932550	-1.2567176874642174	0.0286260050731599	2.9082174959894798	1001.9712276020513	
10.6024659278127890	-0.3780386244480335	4.5367298276254570	-0.0385883947805300	-0.0964569180405492	-0.8708479650952708	12.9042917387593650	4.3378129968472290	-1.3815997724195028	-0.0296693088299938	3.089904007886029	978.420669641938	
10.8193931467045400	0.5836230510279955	3.1121169147311227	-0.0406689958787697	-0.0764439387669353	-0.5907214144121720	11.0110485869027280	3.1665460059937590	-0.0215409054857809	0.0079940720790165	3.1377498162225654	990.7149564522971	
10.8319705230975390	0.6251213422051531	3.1011597816006002	-0.0491723386314963	0.0802656525135012	-0.5339144886737541	11.3922627343966380	3.1638582150754820	0.0002762292389010	0.0196906318012767	3.2971309086256886	989.273296264642	
11.2756606228434940	0.3469687822241941	3.1327961930674313	-0.0770922812042671	-0.0785999263963599	-1.0356728960132187	5.2556758662483040	3.1522865143626820	0.0585174603708181	0.0201985434159979	3.319755357291783	986.4408744122223	
9.3376850937601430	0.1018614103763626	3.1349273771977610	-0.0662955702454675	-0.1511047605266993	-1.2209019215676096	1.5393796610070136	3.1372328839827750	0.0176093132150018	-0.0005035943633292	3.0587631291924238	981.4173484906966	
10.8180231044099920	-0.1410681885864989	3.1419914165297387	0.0390734201310569	-0.0142293512187518	0.6520364483019472	-3.3185500203158460	3.1451297564820995	0.0410504087781459	-0.0032720587349013	3.2947224415478975	999.7957494628656	
11.0866222541278710	-0.1384797422867028	3.1229515538415273	0.0059418388296897	0.1855632637339096	0.0855125405801377	-2.8199745282899507	3.1259881139445205	0.0153266188195051	-0.0013260267033946	3.3421259836741792	998.2992878907091	
10.7837226589437770	-0.2404205676851951	3.1528760291381754	-0.0002044898420566	-0.0203644019255742	-0.3522172565323447	-4.7308125261854320	3.1619048117164743	0.0204371116539659	-0.0192258265811365	3.260112657718409	998.2245789624523	
11.8430428856648270	-0.5256396997620838	3.0731889060331525	-0.0042762149718160	-0.0144682727410749	-0.4967795875158859	-10.9101470841400360	3.1170490484022393	0.0655273221799561	-0.0227339404486933	3.116657867498458	997.8257211925685	
12.4442959136857920	-0.0760515090481239	0.4736666204015432	0.0494183481790060	-0.1024968532972526	-4.1881932189765740	-54.3201945276759600	0.3335323301974419	0.3405286275752200	-0.0733655979506716	0.6220585861542878	1020.3811834523893	
8.1821427636855260	-0.1575836724682587	0.3931315264911587	0.0481818017716097	-0.0877366766648113	-9.0422384153514950	-71.1537624344316400	0.2651246365531531	0.3212900670944721	-0.0904882138778246	0.27452291327129985	1002.550616621486	
10.7470226562893070	-0.1974652341791493	0.2341822696925149	-0.1797319592458751	-0.0835756426015065	2.8550479305742550	-85.7382227940713000	0.2051037632112943	0.2185827632907207	0.1905031580601304	0.49836852555789274	961.6934629045409	
10.4713686341840870	-0.3241062291088599	0.2564260377439858	0.0508926312624613	-0.1711974529658741	1.7577394976713980	-100.0901807585391000	0.2756000686134614	0.3093682011196777	-0.0415347903966266	0.3165359577402217	995.7924724422953	
10.5210602985468590	-0.3668668023227495	0.1248738206003406	0.0281247427249323	0.0057678381347974	1.8190096431794154	-115.1919259360153000	0.2795724963258648	0.2691522695765921	-0.0192872484062100	0.2901633473190769	1001.5675116260302	
10.2448283689385540	-0.4333428297602485	0.0317622067541120	0.0026090447493892	0.1229654559634549	1.6227317777235941	-132.6652069340962600	0.2970774247525075	0.3170494997313333	0.0051255652902472	0.2661349723946329	1002.5345367792974	
11.2236135663682450	-0.3927659972732651	-0.1073224863981989	-0.0066292987005965	-0.0080297880565715	2.6669095959075224	-147.4492005768061000	0.3011550124080311	0.2733207886551211	0.0207025914435144	0.3891841807227839	991.505447555298	
11.1410858956924180	-0.3705296810162653	-0.1700034268438408	0.0459934456731163	0.0201303620772055	-0.2640163171422978	-163.7799397452073000	0.2665208917540003	0.3082778889496287	-0.0473303722884497	0.21471266791657934	1000.74855012325	
10.6693299537143820	-0.2573920386209457	-0.2884565824566541	0.0278404461464560	0.0002745777651480	-1.8660265667326945	178.5116345474543800	0.2806178457489976	0.2647973809957734	-0.0369989677507850	0.5034432161819071	994.3098835669188	
10.9297803688143350	-0.0564390753308817	-0.4541955313522810	-0.0270336683601571	0.0475947291339093	-1.2916203001567172	168.0626582683443600	0.4331987378587533	0.1491794965027707	0.0171493583074041	0.6139031017744847	1003.0068272018419	
10.8726205983758750	0.1261931107240074	-0.6622306927573709	0.0038142298446268	0.1210348458379155	-1.9653441234547040	161.6885088619338500	0.6678207285653753	0.0882018620854581	-0.0269192495527971	0.6500461094543274	997.9614324060541	
12.2097914013646560	0.3602619947205136	-0.8920424328960660	-0.0277667919456824	0.0675047187152049	-1.9080457947693303	156.2046433688352600	0.9619587075420435	0.0302713602488780	-0.0043001621846657	0.7985326460438225	1000.6741357994129	
9.0301782458719480	0.4292032692577415	-1.0973557420410152	-0.0600259681078381	0.0184102636657533	-5.9879226510582740	156.8617677731857600	1.1775756432536257	0.0365085849897374	-0.0631736924444040	1.2170839489746519	1001.4340054443704	
11.0235626095772070	0.5771014919427566	-1.2816410683645080	-0.0547968326200735	0.0283944900744104	0.9790429414311206	155.8027497213451800	1.4044362501269530	-0.0010400865340296	0.0788060310865252	1.4149668708153544	1007.6055150582548	
12.2489645187850300	0.6330436347024018	-1.4803985499459429	0.0251223779307933	-0.0033953572328961	0.3313655317153715	157.0861278908640200	1.6101740142590620	-0.0067012721211757	-0.0158107795188106	1.592859294474255	995.8095321115651	
10.2478334592330210	0.6148236162524023	-1.7279288154428447	-0.0217305797226772	-0.1103488090159150	-2.6100725872968256	161.1730586656416000	1.8329777920153594	-0.0241887422693564	-0.0618514927904093	1.8025479540367015	1004.4093362752895	
12.2132917071023000	0.4946700397620545	-1.8836289627600797	-0.0546465506862413	0.1871551379700128	-0.7411482920998844	168.9692766844046000	1.9440205257765486	-0.1250290514046117	0.0299114485280334	2.01793007346663	993.2978334700445	
