10.0000000000000000	0.0000000000000000	3.2000000000000000	-0.0000000000000000	0.0000000000000000	0.0000000000000000	0.0000000000000000	3.2000000000000000	0.0000000000000000	0.0000000000000000	3.2	988.7391860311432	
12.2942048154944780	-0.0159019518544808	3.2406522198865420	0.0151968826600305	-0.0698687975955694	-0.0795185398427249	-0.2985398666156782	3.2406668738092500	0.0010076332566118	-0.0196932790956603	3.1472951176006463	973.0339361806102	
8.8838707451244230	0.0343130254783182	3.1783843987025002	-0.0825852151231338	0.0111466646612383	-2.2911762893953136	0.7025943943527959	3.1793267124311435	-0.0046724555179742	-0.0445523419257686	3.0445749272558955	997.0291861964374	
11.3517969417436150	-0.0526118693827549	3.1790075559170340	-0.0387537583778941	-0.0290519217058518	-0.0830379857560245	-1.0546517415297940	3.1794902165010250	0.0058928787326504	0.0341487967644918	2.9585129187358516	977.5825177326276	
9.1167952260360680	0.0030131388643159	3.1987317574889103	-0.0700022904715414	0.1195923617580653	-1.4528098091371346	-0.0452306995642931	3.1994749476129610	0.0055150737687913	-0.0111310198785869	3.161286947022346	988.6625957447108	
10.0713117862755120	0.0944605151791753	3.1833547070973895	-0.0028735654914423	0.0231487170391336	0.3513956994549431	1.6597316106795956	3.1846775826616334	0.0022281108551877	0.0224046316668418	3.2749550787225923	987.5787628768963	
9.8686342085644920	-0.0537461979907178	3.1732439957652900	0.0181224289615448	0.0313282260795784	0.2585852917945769	-0.4234890830655165	3.1736040356920197	-0.0302926852050386	-0.0037829555616450	3.1619639766329715	1017.5424028385786	
10.8608439142516180	0.0181604505785889	3.2077571001119750	0.0139466368631061	0.1476085230275703	0.4725646553297784	0.2627704169553369	3.2078125734363180	0.0034810866549128	0.0125019879765216	3.27250357779022	996.7658898225761	
10.3022967678139100	-0.0188046060357173	3.1792021977562057	-0.0125701740279607	0.0498023064796138	-0.4963151389060844	-0.4055887288297394	3.1792452639111780	0.0036877870863692	-0.0149729364485314	3.302228057504774	995.8406592731092	
9.5862915058261270	0.0091803431342831	3.1881588817921456	-0.0452118850314446	0.1519136726756992	-0.5497285310163972	0.0818600443473126	3.1884557824997750	0.0046640758228964	0.0146088411166625	2.9670142927922454	986.9589032992867	
9.9493624307644630	-0.0193446766794447	3.1899712358143715	0.0175860085597702	-0.1411428220940632	0.3452409996155447	-0.0423638823360938	3.1900327221348115	-0.0169900191813525	0.0015938925138145	3.1729673338802686	1000.9031102194631	
11.3827625168903990	-0.0139105380688133	3.1934792138289008	0.0357928094396833	0.0932397125924853	0.5687363210051992	-0.1385916123426531	3.1937014747026335	-0.0061925126578213	-0.0040817524926184	3.2330325173780907	983.2945235319833	
9.9168531269848850	0.0548952519318294	3.1799720068111696	-0.0525147677460429	-0.1163738030580702	-0.9684552263414352	1.3836926922743034	3.1808036198453227	-0.0219070151676852	-0.0012916207157723	3.198714258801382	1006.3786689506435	
10.6928042927923700	-0.0594442924559371	3.1941815607050060	-0.0001664068489503	0.1446556873457623	-0.3370026930021642	-1.3376383032963260	3.1946445037863290	0.0150900418443607	-0.0186622455677022	3.1278429726882377	993.5778135238135	
9.5930200990048890	0.0201520580767721	3.1869156587610257	0.0097167600209305	0.0002159939634347	-0.5545611043837216	-0.0105656741765350	3.1866685660928840	0.0207395905591922	-0.0405617576692045	3.04597216754441	993.7882669909872	
8.4857386702232380	-0.0426778273747584	3.1661169268879880	0.0120229284778118	0.1220002398906497	0.2228450312199787	-0.9391657164232103	3.1664139324301597	0.0092236968580843	0.0002727887352203	2.9739006069280616	996.856124390597	
10.2442134347553400	0.0237736949653841	3.2038362951762900	0.1192388810981905	0.0202322872115616	2.1064614350073340	-0.0786264151963100	3.2060184945184393	0.0281697676903666	-0.0014080556734251	3.3037853468886627	992.3248898986512	
9.7593196218805160	0.0250627836888907	3.2088344661981285	0.0868084904044768	-0.0607312060858500	1.3175311901486926	0.3620795014237431	3.2100764087618594	0.0047980335274706	-0.0129968218577399	3.241671879494864	994.2982759615925	
8.8914539311030600	0.0250545425810557	3.1724635146807163	0.0451610415408279	-0.1563920780563416	1.1424296841147714	0.6545135742497974	3.1728125051502585	-0.0112360447354979	0.0180709772332041	3.4020725827204448	968.7736611468139	
10.6048535396417130	0.0604213134655603	3.2080516625390240	0.0690410440378248	-0.0221226773113718	1.6353399532724970	1.3070783349648099	3.2092586398958220	-0.0127814750307138	0.0225496463873034	3.326099261851725	1012.8314648061203	
10.0579130338817180	0.0298638176557054	3.1459093863426824	0.0703934735907251	0.0321243633640820	0.2506201330658624	-0.0138682092302716	3.1461798806861480	0.0305935141547548	-0.0566493695065758	3.093697890110683	987.4494204265758	
11.0320832067999390	0.0120697494352028	3.1798259751115463	0.0030774881165882	0.0389590051895169	0.1921755384902068	0.0838853107601504	3.1798326737710950	0.0074193927145460	0.0075829551065798	3.21981569542963	1002.7017699786705	
10.7160287860358960	0.0252585563197375	3.1893263409057920	-0.0510233511169333	0.0668690221742512	-1.1592457218305026	0.4212644404110396	3.1898053242596953	0.0017929452903050	-0.0135153429024384	3.054298360494882	995.5505374878771	
9.5200959140388730	-0.0050668225894240	3.2032010664703865	-0.0921545376426719	-0.0433234639773924	-1.7093059216287552	-0.4697267984390067	3.2044584959074350	0.0211963788510218	-0.0034154452963983	3.2624439571896087	978.7344267654308	
9.9570716827331150	-0.0305677719104695	3.2168118942611210	-0.0395379633095090	-0.0082066440380565	-0.5742576705876570	-0.7107456434753303	3.2171782678400170	0.0093365859439488	0.0072954357564220	3.1463296202691895	983.9463745473319	
9.8696781214876150	-0.0390401115749420	3.1986489266791360	-0.0157104831532764	0.2127946081109875	-0.1827959726214121	-0.7042597116659919	3.1989209940610195	0.0002989654255903	0.0055036454844449	3.232335206217285	997.3307856034429	
11.4121089653549870	0.0416032461110753	3.2332203227606686	-0.0209489978792040	-0.1482724838090194	-0.1255100172839399	1.4063347689508907	3.2333056086969270	-0.0377970236912670	0.0137685104786360	3.07408114231539	998.2803166338982	
9.3765799296641050	-0.0486003116724627	3.1612241078370316	-0.0774506882083323	0.0315715062181570	-1.4006309958641410	-0.7622266068507264	3.1625394282504375	-0.0065422541342215	0.0001517922334152	3.292722651667782	993.9993027417468	
12.0980712613479270	-0.0258175998285268	3.1856507022301240	-0.0340134254146737	-0.0563338784526116	-0.1223348382804750	-0.5055788306399480	3.1858198543055374	0.0022665152124114	0.0272135446067665	3.1880698220846484	998.3252883899081	
9.2614827655028230	0.0629126121613815	3.2025684449490950	-0.0912792185936036	0.0694932343469765	-2.3463608262861620	0.8157226637864254	3.2041910096447600	0.0172642124633739	-0.0399556977089157	3.355895223373214	988.0884644174456	
11.6251127601326500	0.0196646281733840	3.2126533274828395	-0.0311989420789018	-0.1018135246854411	-0.1427745154281140	0.3911682036644676	3.2127804786497970	-0.0023102102215971	0.0231890730758410	3.1213154985560485	1007.9074125180226	
9.9426777628315990	0.0684724311618988	3.2322573646317694	-0.0716670882570123	-0.0658501220678127	-1.6442258598137933	0.9658709782106315	3.2336775721175526	0.0140013594400133	-0.0211101421722517	2.976866479434361	995.2997160060219	
8.6750402215705480	-0.0547104730053607	3.1804677636785046	-0.0390055314363700	0.0164195161249192	-0.6807722128298309	-0.9317185104382928	3.1811758022868920	-0.0029858185758158	0.0012095325667511	3.076984172950584	986.0279574870632	
10.7812544550644080	-0.0208594626553327	3.1667922907656885	0.0482499835097900	-0.0374834823607930	1.5632959537830948	-0.7664034218363750	3.1669256323318677	0.0214760165903482	0.0381760518489401	3.2299853525384803	986.5846216066517	
10.3206343607244620	-0.0897241832941045	3.1878411486434843	0.0212153418500586	0.1102120462710130	0.4869377183683781	-1.1158783943361679	3.1890490560574280	-0.0276141129909407	0.0059403371259551	3.5079419575254502	992.2782703695789	
8.5556576220905070	-0.0301544053221698	3.2054514610444090	-0.0049796525635822	-0.0393000417964347	0.2242275078054945	-0.1643394901883737	3.2054807312160630	-0.0209722243700986	0.0175100490926133	2.9953820707213152	990.3065325874151	
12.0734985846599940	-0.0556895323565835	3.1970962704130144	0.0925448283664857	0.0282000220774983	1.8551445075904751	-0.8430702846928104	3.1988895506782926	-0.0086365766687956	0.0110219628452107	3.124867215646292	995.1336973355509	
9.3194415663813900	0.0453347100547243	3.1499429445459324	0.0096522731903450	0.2066526793111334	-0.9733018726876324	0.9493111390841302	3.1496432123178995	-0.0070870536400471	-0.0631376668770043	3.212749562563547	985.4097451275422	
9.0982081262980670	-0.0059997205482385	3.1972375562891058	-0.0140707602385147	-0.0119321444349631	0.3404861043118470	-0.2473363500618302	3.1970935949994750	0.0077953479869242	0.0330719163185032	3.177961602322085	1006.4622865282407	
11.1135040358240820	-0.0424538875237554	3.1759190272043980	0.0807535643165187	0.0794560297832467	1.4862637972138817	-0.6183277661812289	3.1772182042839865	-0.0081757182783081	0.0016667548428417	3.4346555060586788	995.6344712035623	
9.3857782765516010	0.0149255966501279	3.1906928225622484	0.0456408038858070	0.0663503878179108	-0.0440530873799579	0.4648422739637402	3.1906728709177847	-0.0110164784797928	-0.0480813098419642	3.101010980229048	999.3793829034446	
9.0965048185962480	0.0020466638415542	3.1531506254222252	0.0809049770216531	-0.0446329570966828	0.8621550927211842	0.5374082250590927	3.1538915329167803	-0.0275020366553078	-0.0334739796853680	2.966651943285161	991.6388711532153	
10.4221683954486300	-0.0523812893171572	3.1717286909348164	0.0797392712815316	0.0640520371759597	1.5393700274077784	-0.9308864198608525	3.1731583650239275	-0.0008393066785760	0.0055068863336978	3.2051525641602256	1005.4140454385158	
11.6480615229616320	0.0071566517586743	3.1885568054635005	0.0088648983365275	-0.0864290071591433	0.4174546269425390	0.4316353147607005	3.1885001971536617	-0.0168858333399575	0.0143410996087905	3.158796260919198	991.40981625894	
9.4448341357316100	-0.0195221944731613	3.1752789699440584	-0.0665256354720437	0.1043520048875528	-1.5473093028267390	-0.8073850473848192	3.1758773654126116	0.0251877146706995	-0.0192834672848400	3.2150099043128195	1001.160453302194	
9.6755720760028190	-0.0097356409696797	3.1787937145518996	-0.0510487456965396	0.1418974347370053	-0.3338755551764764	-0.3156431140791378	3.1790426117822610	0.0078569548973961	0.0325050388294424	3.186453146986047	984.255154928466	
9.1661177442464400	-0.0154707444210021	3.1782211043821618	0.0205032454182744	-0.0831311204771330	0.1330814929322439	-0.4724952015308970	3.1782796646979596	0.0107580192781865	-0.0131054696377150	3.2130040810539713	997.9489516149995	
9.7903290997701600	-0.0406573488031496	3.2412938170602588	0.0409755741039079	-0.0960760909757921	1.0413563435182573	-0.8112462341874845	3.2417538805368085	0.0052083104204616	0.0179520952820698	3.2428593002814465	979.7582824310515	
10.9914347004525230	0.0237081406874299	3.2173532937833130	0.0450866390354590	0.1621327693163026	0.8314519076232080	0.9831019413890401	3.2176019723705886	-0.0314924989881579	0.0016934807577226	3.100663648860168	992.0927249837291	
11.2974439473899650	-0.0009316242954396	3.1554373844821213	0.0068745133721665	0.0079445036750761	-0.5780128668945823	-0.0847759736655361	3.1552053917414310	0.0037318558896781	-0.0387068911529269	3.3068100599211716	982.684682633908	
10.1268163209039250	0.0929737020897977	3.1951360619858910	-0.0832105264195702	-0.1175100961480154	-1.7752885451297524	1.4445638580207205	3.1975080183714004	0.0124281447447880	-0.0158293796092878	3.3141233572054642	987.937641771511	
9.1072098241223450	0.0394639189103745	3.2201619731146580	-0.0755490887656557	0.0200202892961033	-1.0548567995182280	0.6211110329691383	3.2212456291288340	0.0045600128745729	0.0162481353926580	3.345173257413014	996.0889309511255	
9.4174424786373890	1.5543894825518265	4.4729081435113445	-0.0020187140822818	-0.0661715455678836	0.3923423652012680	-1.2707437945648383	4.4372187802263320	1.6531636658055584	0.0343131087407980	3.3341592829754667	999.2080839128517	
9.1780826960216010	1.7742495975688980	4.3759444394336370	0.0491843471630680	-0.1054906555438327	0.9119716258946484	1.2797534680064608	4.4147027499110280	1.6760327947903875	0.0241696546221810	3.129680564823239	982.2729508075561	
8.6530553414319160	1.6557394966788423	4.3913736596272010	0.0775691305323953	0.0054191186294912	1.5440063341567820	0.4313706568126479	4.4042060780383210	1.6226348223029180	0.0409624823680177	3.132822001350536	991.8410475635536	
8.3527979744555600	1.7326657575668900	4.3985999405857270	0.1048060535538535	-0.0994080846241275	2.3207806499661925	0.9667359849190976	4.4278199719781910	1.6580744277801134	0.0774329472501096	3.058273005348374	983.9497745862571	
9.9603295704050300	1.3117499546046667	4.3039104556001960	0.1479192225172313	-0.0481451682179301	2.9765655607652954	-8.4472680335735400	4.0667219471725180	1.9297061248875990	0.0649624936158146	3.3944520585149767	1009.4715407394393	
10.1402168866580360	1.0624486786404090	4.2692782851333480	0.0941013245646699	-0.0585735466333530	1.5351977994413744	-12.0321078128598750	3.9551102027389398	1.9290674335112323	0.0138365854691865	3.0153551756937977	987.1128266651363	
10.0170276649754070	0.9015983789446487	4.2491418232530100	0.0195551480301069	0.1466480871456523	0.4850467181803917	-14.9826454431182870	3.8716285239301738	1.9694907807923970	0.0081799701726917	3.2219083298982722	1002.3094023336683	
10.4032926201144700	0.7204416035221816	4.2421905127207440	-0.0267302820516930	0.1006492481395206	-0.3481726243112067	-16.9381685733373540	3.8483613454826084	1.9251093245632411	-0.0000368377399143	2.994902351423782	986.8903335105681	
8.1450651859297030	0.7314967385533950	4.2237566057069200	-0.0469470264986654	-0.0624360754838033	-1.0823203585687160	-17.2475083965579580	3.8171432404690053	1.9509736847034809	-0.0230332238401945	3.112151397310742	984.9162979032294	
8.6745428313773370	0.8231374090120954	4.2453729170465810	0.0450771593538193	0.0700113055343710	0.8840233493382211	-16.1676678350115070	3.8485080312613700	1.9727196689689093	0.0118907604077424	3.1765148413252513	995.9969618103269	
9.3142981149024690	0.7543596037424954	4.2224684862973705	0.0595305891956385	0.1237667641410333	1.6998710961424850	-16.7514945926699900	3.8259429405382590	1.9394647049760991	0.0497965308064509	3.1079599919147083	988.2828984654449	
9.0392181270437870	0.7127155225679609	4.2417376294711650	0.0643359125396623	-0.1613023738416539	1.0947198858569853	-17.6328159732651400	3.8270874161599533	1.9640869877141014	0.0143128189246476	3.0961658301386494	978.4409156919128	
10.8156892028912260	0.5557423822574584	4.2214530889092370	0.0897228978995723	-0.0201439710199693	1.0557509662607372	-19.2656692092129160	3.8026879937353395	1.9174904203299630	-0.0189864675478978	3.0954308920432054	998.9794313261099	
8.4298156572279770	0.6400658150727310	4.2105917271907240	-0.0339846591838079	-0.0316590300803167	-0.9407979964120492	-18.6300676242868100	3.7855349229481350	1.9516436721322070	-0.0270965299972864	3.4165612383359196	989.613850655054	
8.8721345777182080	0.5394588352195991	4.2423557251874380	0.0081244132748972	0.0913325428468222	0.4442206123872177	-19.7568373745512960	3.8102280774592527	1.9417750255131160	0.0183217917487258	2.9887913470602117	994.2601316573247	
11.1920219887255230	0.5867821024552886	4.2225939543645480	0.0519369219602754	0.0382492054324450	1.1871764081364737	-19.5857067043340080	3.7818446013621823	1.9683321133059044	0.0251094790271875	3.322166271549515	1002.6539256794002	
10.3569829874580320	0.4680694642040714	4.2114770095383620	-0.0830089939560304	-0.1512326851856267	-1.3507805344295052	-21.1793145039073200	3.7588144969089560	1.9580172392431565	-0.0004323444655618	3.1044932516052923	1004.5156768615217	
9.0022064108871920	0.5209972016415633	4.2068032450238960	-0.1089415057892211	0.0395876930772853	-1.8788227231360133	-20.7611322465079300	3.7505171789448117	1.9783537892196712	-0.0153965342063566	3.255491330272174	1005.3393097463489	
11.2535654407863210	0.4156426620824068	4.2119197221402210	-0.0891597610612978	-0.0025119284785048	-0.5923229460020762	-22.2527122366827720	3.7415478922746233	1.9797065664136233	0.0505698724867531	3.297637692630093	987.4941782574302	
9.7618391722022920	0.4746622021472452	4.1818268895670250	-0.1057130124187509	0.0364359850316158	-2.0419838832461660	-21.2791541562945400	3.7258647850749385	1.9599198298862612	-0.0283098075732646	3.0824393878238845	977.382667889406	
9.4423969222143800	0.5130277695507364	4.1982175944931780	-0.0797355882608662	0.1181032387460331	-1.5647000354411000	-21.1038561406958320	3.7327053597369910	1.9901771935742436	-0.0262994799432101	3.074483615047023	980.2608301047233	
10.5056646751438210	0.5046398773829813	4.1822770097732670	-0.0403285642385993	-0.0258714283965944	-0.5979056795893384	-21.4037939006399500	3.7098886433442700	1.9961083905961075	0.0025164247866919	2.8772920092557874	989.8460948818616	
11.7356769886945680	0.4732453513062877	4.1990314683245580	-0.0314155230147859	-0.1790740806768755	-1.1635138151902684	-21.8513862982170500	3.7210696416960465	2.0022532460894564	-0.0378949834607376	3.166388707279049	988.8287699060078	
8.8364018635425770	0.3941663295489151	4.1731369038161920	-0.1208042339463264	-0.0521690147130228	-2.6482032886083284	-23.1743632539836780	3.6829464288210970	2.0046629055177143	-0.0475879602128843	3.1178320696280575	990.5321818242693	
10.7705513400225430	0.3664083543215909	4.1642629946991220	-0.0635260658492874	-0.1467484453667570	-0.5155615399488048	-23.5844586980277700	3.6702503719207114	2.0018415762847943	0.0356292443497802	3.410519277626373	981.8135661948367	
10.1904832530162070	0.3525333628025333	4.1584231131059200	-0.0705213003298681	0.1394558041820382	-1.1361713319086055	-23.7649916815096300	3.6644260176405705	1.9984165536478167	-0.0070037595519751	3.201411421968642	1000.8599338669277	
9.4958067484815900	0.3412926454877382	4.1560304445922940	-0.0448710672202650	0.0105171570040268	-0.7117334604470432	-23.6717453863242330	3.6695915241260880	1.9812067101396624	-0.0010754882970495	3.071279371750119	981.2596120942547	
10.9128219692673540	0.4833401263114797	4.1164095445392640	-0.0177209390793683	-0.0963212991972455	0.1195353521873177	-21.7462014873459420	3.6443412087701790	1.9740101307893887	0.0286427191267106	3.2892714035546518	1000.7440182544092	
11.5413429100040300	0.3988912702337397	4.0953096196746905	-0.0127238680583236	-0.0540536583141787	-0.4968129556678866	-23.9976028368033500	3.5790685166712137	2.0299844244997236	-0.0163955039128845	3.073149478772371	997.0098349628147	
9.0643255644611570	0.3115052099991560	4.1056186086983840	-0.0757163457136200	-0.0920226499316820	-1.9051305975293370	-24.9558734805659730	3.5913912827134700	2.0147316759797930	-0.0404666431601208	3.1376291692690055	991.0451691707032	
9.0679098459687400	0.2612035131788972	4.1334116484870060	-0.0508804174353797	0.1404850667764637	0.1561007986937010	-25.5778328897278050	3.6154125582451240	2.0202942549104240	0.0557772828564928	2.9616426817988883	988.0123092452116	
7.3446580049601170	0.3536644675811018	4.0876124221877230	0.0208454701793125	0.0220323368447351	1.2823908665705852	-24.4694441908037880	3.5735532122249750	2.0150430971821810	0.0583708760840084	3.273702634177328	1007.516912364528	
10.6755120457783740	0.3478396821648208	4.0967260952827030	0.1545019762901546	0.0084524415787529	3.6958510335634807	-24.7262665297140300	3.5781512960299477	2.0295527909748787	0.0760051070759927	3.1719045956904024	986.4738940931455	
11.1793754550608940	0.2401081381239938	4.1055766175847050	0.1182166561783620	-0.1258715365752808	1.6284708086556710	-26.3146858121811460	3.5756033543802834	2.0352640479822917	-0.0121394309927842	3.3483487314231053	989.0080377397336	
9.6942526439212390	0.2397254566492248	4.0966487453500680	0.0162128375600490	-0.1452342278132633	-0.3670477981641087	-26.4209443517614170	3.5619045522030177	2.0376336994386590	-0.0338668178761666	3.3378676274073147	990.8662840345692	
9.5152468849575900	0.1642828915097122	4.0661630552298380	0.0045092167103404	0.1910066215245931	0.0633775450279870	-27.6846861234063000	3.5243360253685370	2.0346233331459220	-0.0073936257593003	3.0941631735934996	988.3206379117014	
10.9566955822223130	0.2786702715871266	4.0640547275948220	-0.0257878984592953	0.0856081349085913	0.5058636593542625	-26.5347972042871940	3.5111022015897840	2.0649794646585176	0.0537038675442484	3.2461358931557127	1005.5973860124767	
8.8338542747091380	0.3130023722376187	4.0260506072670720	-0.0230661254767905	-0.2204804703584081	-0.9349782690143519	-25.4567501434742560	3.5005339533427695	2.0132450754622657	-0.0263121847786656	3.378594243992	986.7564674238198	
12.4404036661109690	0.1364124136964957	4.0390722311355070	0.0036080493666916	-0.0678087102687124	0.7002045751455404	-27.6400328200880450	3.5146297622902276	1.9945836845847524	0.0417062605941932	3.220834324539153	987.2742499832947	
11.7384117759180380	0.1953846716317212	4.0459725338079360	-0.0896665290916822	0.0294890713191487	-2.1265102421439566	-27.2838672630263700	3.5071915871443724	2.0282973929043675	-0.0415434432526477	3.268785379514304	982.2962045026201	
10.6968232613170360	0.1271113825628988	4.0143604633696140	-0.1812983362176367	0.0103315835415919	-3.2170653654818056	-29.0208946627226250	3.4534029274097535	2.0586301981617600	-0.0128937322623042	3.0176533745814567	987.2520269800463	
11.2880055400190480	0.0402192881334909	4.0127106454836720	-0.1409996614090442	0.0201078590651082	-2.4824024236846682	-29.8814773793048000	3.4620755641055334	2.0340315691963187	-0.0096738807898876	3.113099487927445	988.9330781955625	
11.0483167068074460	-0.0287322935468935	3.8745977518809593	-0.1488235925018466	-0.0876228585852976	-2.5836468231690020	-33.3112119396242150	3.2571814803387653	2.1038591539510483	0.0052162949641916	3.2331346359159774	992.8413392436402	
7.6995684631172920	-0.2344559334235099	3.7813983104299016	-0.1159703031892915	-0.0980852921796400	-2.1846924770413240	-36.5221128591422700	3.1804777692656480	2.0620257003059480	-0.0017460086472462	3.150375186253469	988.3502290390337	
12.6855500653214500	-0.3816035078158228	3.6876015806137080	0.0393292650556349	0.0044183008429492	1.7651510221948160	-39.8103548335446150	3.0767693267062857	2.0678502540946853	0.0553107809723089	3.308865548147855	995.8747689405196	
9.4770697767149470	-0.3616796463928304	3.6557328225304730	-0.0360456181701684	-0.2183033397101041	-1.2573729763092290	-39.1346177999680500	3.0639501484092566	2.0268577673461463	-0.0234734305591882	3.1464443675893166	994.9765893779073	
9.6609378453309330	-0.3589372621696096	3.6289292841369396	0.0167002809990501	0.0892197150482034	0.5353266614609290	-40.1307189414672000	3.0059640143174673	2.0645474558475323	0.0081703125889411	3.2009448632025803	981.8505329616802	
10.7462467751560220	-0.4496936137282399	3.6137405262818394	0.0151270434650996	0.0917764498433395	1.0749620538825384	-41.4653641659337200	3.0055058130615944	2.0559831492846950	0.0379718642425784	3.0559004138789154	995.9448497801394	
9.8897296598438040	-0.4070832508067125	3.5873767418565320	0.0526487347358713	-0.0122811147802127	0.5626648911412402	-40.8282286470718000	2.9809929198191494	2.0373795803730020	-0.0229392204982701	3.045869765443265	976.3910125990855	
9.6325098536230700	-0.4594956691383876	3.5986725512117980	0.0339388299813541	0.0152774980840529	1.0029937359954920	-41.4715173838739600	3.0008657067786390	2.0389240966723117	0.0180494562689893	3.3492512616607275	1009.814612663202	
11.2361763121396440	-0.4950650448253985	3.5881452506757460	0.0423495405749736	0.0974924687679447	1.3958622633981648	-42.6775405652537860	2.9736737060808750	2.0683876549695883	0.0265785754778641	3.1997391292764017	993.4511640334308	
9.4015152887710300	-0.5546357031749031	3.5133464583272707	0.0216403037163141	0.0616728865658580	-0.0934928572865966	-43.4287758481230740	2.9327422382618615	2.0124358028371530	-0.0285920547708773	3.119477949300241	981.1645501059214	
9.5054750972849680	-0.5871065373605627	3.5237818262776117	-0.0013946231163057	0.0250305828583542	0.7719126667835285	-44.2369452707195240	2.9339483861948525	2.0376649649666580	0.0400343362824684	3.1356741840614992	997.9446945781675	
10.5575006861928370	-0.5397491042654851	3.5510172754922538	0.0635226662313638	0.0261330946835648	1.3424715694588110	-43.3447502607415200	2.9535849856655703	2.0448474618865950	0.0047440058838297	3.1252254132943382	1000.1291213774223	
10.9441165470707970	-0.5429588501924676	3.5406925106842557	0.0227182568668845	0.0764160524877577	0.5240750312108016	-43.5144649635149300	2.9416445838143730	2.0441499192954700	0.0014619756714593	3.2204710501976037	988.1953059903306	
10.2639035423863040	-2.4181575205420110	2.6690984859912295	-0.0021205956026152	0.1610390053647220	-0.4524731303978494	-43.0048954405658400	3.6011345345967447	0.0520258530449190	-0.0264649456811572	3.26541974877621	992.3428523343946	
9.1255139299821200	-2.4533997944078503	2.6097208067541270	-0.0019240350313587	0.0516653940876797	-0.2174593283842087	-43.9277515469743800	3.5815899784394807	0.0435094670915956	-0.0117087545018977	3.1088792392662885	989.0375110978367	
11.5322054105333970	-2.4259398359373088	2.6744431332769203	0.0293980712511996	-0.0095417183009038	0.8064700482938868	-42.1976951693566800	3.6108495709674906	-0.0008176824876044	0.0214269585368458	3.0741287512217577	986.1200356516623	
10.5533270349551940	-2.5669813559054435	2.5361641534428396	-0.0042973578467718	0.1485650279478971	-0.8025820333599317	-45.4655163192051500	3.6082329151933420	0.0074074586701882	-0.0462679298267629	3.1766589397797644	1003.619429379015	
11.2889523528941100	-2.5126693331935765	2.5586760149942820	-0.0512669042491359	-0.1303986070005447	-0.9248811939798065	-45.0514941184771900	3.5863123374476675	0.0357694754720214	-0.0065411042541626	3.262235703365799	981.2549323231663	
11.2951896718827530	-2.5167325854100344	2.5664329620693500	-0.0927694899767121	-0.0435830288673132	-1.5619382444265390	-44.7085140556630200	3.5956662234649470	0.0168612681139953	-0.0052288241685167	3.1621519040516	998.0838264851284	
9.7724317545934230	-2.5288844280738068	2.6025550454072603	-0.1005656829648629	-0.1259749815000433	-1.8879704921558047	-44.6421532429216400	3.6300735626499380	0.0294718906272300	-0.0189739013384774	3.191229265405547	994.3644520491367	
8.2839448076650000	-2.4366906479533660	2.6392632538651606	-0.0458551414480950	-0.0045716687510358	-0.4297969182129473	-43.3117276700384860	3.5921463908325130	0.0374318111070677	0.0189128889841642	3.1530799608065916	984.8976239327512	
10.8336424987965000	-2.3824844915757920	2.6990819271986080	0.0843152236333925	-0.2948672726490251	2.0862106715681548	-42.1609854538921000	3.6005713643343245	0.0453807779311787	0.0470222776530879	2.959566915194805	976.3082656613094	
8.1044559150759930	-2.4691060403518343	2.6016852590480832	0.0232306342637334	0.0480162908305643	0.6304959689998093	-44.0928925588956500	3.5866641809460290	0.0369847657571723	0.0162070428807137	3.1792973210074846	986.1608095667831	
10.9897055237121230	-2.4505547762880580	2.6185548130534713	0.1488401018877774	0.1211462344453768	2.8219737317365587	-43.2268056395183750	3.5893399629685265	0.0078834244481203	0.0278904704110047	3.161468781772354	1002.0129941423331	
10.4617113196080660	-2.5091195605942747	2.6148669322939604	0.0868601634940587	-0.1040965087080434	0.9159238391639616	-44.3582509589185800	3.6247412883355214	0.0342411320889235	-0.0288594607098133	3.2325116082840273	980.6363353584027	
10.2702390824339440	-2.4411327339910270	2.6390539551546413	-0.0080486435215511	0.0284041664382304	0.1258634319121435	-43.3530722373185300	3.5947464436359193	0.0366594359227746	0.0159271958339253	3.3558163057126005	983.1300916856986	
9.4396087917896700	-2.4838710389118357	2.6303964583320280	0.0108450311063664	-0.0186357971420725	0.0854971121301148	-43.8887119721824060	3.6176746280061205	0.0334547179563991	-0.0054358419378706	3.26248063676087	986.2339199694978	
10.9999161646176930	-2.4904368479612270	2.6011453517961365	0.0131487621966693	-0.0537111789176711	0.5567051315185505	-43.8793418752251000	3.6010924747204345	0.0078330281899378	0.0218485006861745	3.012326326033776	994.5772284282042	
10.3160409143642690	-2.5093739469813285	2.5903958020027966	0.0055156189482484	0.1179975819273939	-0.3743238068596580	-44.7620616784936000	3.6061755986781150	0.0422553201546994	-0.0291629609592321	3.180787366865551	990.35945795829	
8.9599008365648450	-2.4708282392647694	2.6603336150941040	-0.0293217386429728	-0.0018833753654453	-0.5375159107002555	-44.0865611111713500	3.6300698175300288	0.0761422115260388	-0.0047306856143034	3.489248264814487	985.9265934325789	
9.3708278312254050	-2.5465439351527306	2.5541431024974703	0.0647708076129136	0.0707349427417433	0.9990507307816088	-45.2474521602681700	3.6072546108698090	0.0209479381198090	-0.0019014374616649	3.029324066944892	992.6722725402457	
9.7146030517875430	-0.5447002945236402	3.5201848996685623	0.0353241805058018	-0.0201318053473209	1.1140833607791570	-43.7844881192236950	2.9184282873603737	2.0425312821488033	0.0221411249821711	3.1780588157658296	984.7211215891444	
9.0643249414807170	-0.5353242685961090	3.5041549675305976	0.0424640820417219	0.1409708617316962	0.9889560982658326	-43.3238375198276700	2.9168241996327330	2.0148462349414600	0.0029232276784999	3.131244632523681	996.647933734564	
10.4365645543300950	-0.6040230779703990	3.4361657150666907	0.0888203654394304	-0.0810757569700955	1.6781999990567060	-44.9669731833478040	2.8593741062884543	2.0009853592118640	-0.0022516536771209	3.362717245463199	985.2231156333592	
9.4767759179514750	-2.2327992305918105	2.3324603302033267	0.0151561732206801	-0.0224610886316391	0.3426932906004837	-44.3957206296204060	3.2287225791982250	0.0364201573342495	0.0041694610682978	3.165291550531686	998.3816897548977	
10.7270145473663840	-2.3065513426754670	2.2153058930480150	0.0392769979492945	0.0289713345564903	0.4485222694768135	-45.8934641579139700	3.1982627207763670	-0.0146611833460492	-0.0142336690355368	3.0987607366058585	987.9351839753484	
8.1223915576721030	-2.3016279201935100	2.2282770355937025	-0.0152680629909687	-0.0484420289637494	-0.5951930555682625	-45.9908448512157700	3.2035302220211520	0.0035465975647293	-0.0180078415942231	2.9696466513043434	1002.5449031810068	
9.7638757563130700	-2.4040063629990870	2.1224340542355766	0.0380853732257634	0.0672483252601361	1.4073325643785308	-48.4235579573049700	3.2068224210353290	-0.0075644051172637	0.0406957404779155	3.2720303765269034	989.827687012425	
11.7309600996408640	-2.3615594577333128	2.1831526295320485	0.0883503024606937	-0.0825753017588870	1.0464039502943290	-47.1003026613529340	3.2171383442841950	-0.0082501886208267	-0.0296152040566908	3.5276921382988657	1000.4421709102957	
9.5705189065264470	-2.3737293632448630	2.1272858102367740	-0.0453695013800497	-0.0700434885283966	-1.5339591756423850	-48.0808432174623900	3.1875363197960460	-0.0029072120668021	-0.0399769698719556	3.029785731729355	990.6136191686115	
10.5043612612359030	-2.3533380659014784	2.1727807836727780	-0.0459336955573314	0.0350872694485830	-0.8536101667029811	-47.6206160260101540	3.2032686326504547	0.0187914736767935	-0.0017995279651489	3.1959636269194216	1002.9349065860932	
11.1644688347020050	-2.3715007851221090	2.1184421795136084	-0.0850811769789041	0.0759846587074447	-1.4067333148283123	-48.0221906103178300	3.1810179862475416	-0.0112935670014030	0.0070053527591783	3.239428201896289	990.8827642694	
11.0675319340370720	-2.3442977699606000	2.1686714909013993	-0.0967668551330184	-0.1706665319303031	-1.9562555798061930	-46.8790794184261200	3.1949492916903206	-0.0194443891325445	-0.0123625726228335	3.2158808915359827	1000.3501299177309	
11.4419376834559920	-2.3489772410255596	2.1944429859331036	-0.1249424188737669	0.0341004715687152	-2.2359595705671813	-47.2057948609723300	3.2169356933165230	0.0144609681681546	-0.0005752102694541	3.2301200054813552	987.5686241939802	
10.3489884194640000	-2.3377509151995506	2.1282896529693920	-0.1637401909887767	0.1363098718963231	-2.7925981748516480	-48.2553965656195100	3.1655057516312035	0.0314810454499487	0.0094508605482941	3.3708353601220242	976.7105984488585	
9.0971316259152940	-2.3263472257585276	2.1513355281714097	-0.1397943405196591	-0.0101999104375289	-1.8528180392767357	-47.1793900101817000	3.1714789188375140	-0.0032636928806817	0.0372725486959992	3.3307062678548505	992.3636908043916	
11.2598278946721780	-2.2781018604372440	2.2244679159243370	-0.0123226183835099	-0.1920069309008656	0.1819187084565015	-45.8782712211698960	3.1839497243738766	0.0108059411024008	0.0224683493970012	2.9243576339219435	1000.339973150182	
10.6059902228825300	-2.3197972146472123	2.1802421575103526	-0.0341731539106669	-0.0964569180405492	-0.8657978991379577	-46.6493707022911200	3.1836832232777605	-0.0070283099782232	-0.0139471716538943	3.120824033844625	975.2910516933257	
10.8229757009828320	-2.3972738667205435	2.1059177203680153	-0.0406486712756937	-0.0764439387669353	-0.5859503745652979	-48.2560370599056650	3.1910473233003780	-0.0248397385809595	0.0079824396323054	3.162249114721519	988.2648247216351	
10.8355529523450500	-2.3298699741304723	2.1699137000943285	-0.0490380489922222	0.0802656525135012	-0.5283637274947800	-46.8223074714810600	3.1841319553217040	-0.0118395784211271	0.0196928398852099	3.31738099331875	987.2459222400198	
11.2793974011467170	-2.3761139465385774	2.1296215831552010	-0.0775088174688323	-0.0785999263963599	-1.0284643189231089	-48.1990614962972760	3.1916750990167557	0.0037446672700687	0.0202294573439762	3.3586664383962765	982.5020159468149	
9.3417678604932310	-2.3859621187282674	2.1061666239866437	-0.0666352685663181	-0.1511047605266993	-1.2052892997845908	-48.0884435242335750	3.1831580497153817	-0.0264200006045961	-0.0003913038497211	3.104379823296899	976.8248319174359	
10.8217969808663880	-2.4169974797972130	2.0916861294632170	0.0393323869583404	-0.0142293512187518	0.6392931176861562	-49.0613984576869300	3.1966463584367690	-0.0036512652243864	-0.0036668179584173	3.3459173901482164	994.6440892673986	
11.0907079839361200	-2.3237653547260524	2.1534187613900815	0.0057078655814843	0.1855632637339096	0.0812820307044460	-47.1653238432226440	3.1681427252756915	-0.0007558318860194	-0.0012109757472624	3.3842405220482585	994.0838267575921	
10.7880526471558720	-2.3566236389723083	2.1607771741468373	-0.0003058704070981	-0.0203644019255742	-0.3482260483382363	-47.5296327445836160	3.1972269735336503	0.0026405849703846	-0.0191251837547552	3.2953851648195087	994.6923627807347	
11.8476207404256350	-2.3451834183210960	2.1609632795546610	-0.0046125646021425	-0.0144682727410749	-0.4905690289444153	-47.1653127677520500	3.1888960869241180	-0.0097760825171020	-0.0226938739471968	3.187599455707071	990.6410173403807	
12.5329624488775440	-2.3658612669800270	2.1331278001268497	-0.0541940705712297	-0.1024968532972526	-1.4981194055610956	-47.8347962744206750	3.1858396191521434	-0.0069801746891772	-0.0291194395081274	3.32594220157062	1009.4827963912221	
8.4225677930438860	-2.3104642701598292	2.1794582838633083	-0.1203685232142701	-0.0877366766648113	-2.9135177314228280	-47.3180599000845900	3.1780163158849980	0.0359161846728604	-0.0411638168014410	3.0630604927830203	991.7485438180283	
10.8805534810430180	-2.3778663064485560	2.0928868526016764	-0.0302920886043865	-0.0835756426015065	0.7724742372436583	-48.5745482588780100	3.1670169876155280	-0.0041272309648370	0.0729899026406907	3.3252543670887733	952.1803889278633	
10.5938929451722700	-2.3540034717250533	2.1457392066370370	0.0586723406913585	-0.1711974529658741	0.5251261713428083	-48.1910998455629700	3.1854666191405276	0.0301705199003112	-0.0293885934592154	3.1095798658581573	985.9061355596698	
10.6221184148114100	-2.3465177787813434	2.1527208842259595	0.0481530274277261	0.0057678381347974	0.4957422416870067	-47.1428207333014300	3.1846387332140704	-0.0179854452783656	-0.0205977727145906	3.0754827195626393	991.377935503036	
10.3269938606629450	-2.3720176706482010	2.1534089302259796	0.0149950158765361	0.1229654559634549	0.3819343113829065	-48.2844172429834400	3.2035887363463242	0.0290214836195514	0.0062978558996160	3.052511128339681	992.1084009610078	
11.2696544492174540	-2.3466532264378260	2.1895301737225425	0.0343179632059247	-0.0080297880565715	0.8293050583949030	-46.7241123627715800	3.2096171935827877	-0.0145484722922745	0.0121359796817792	3.1774209757283205	980.9020507086537	
11.2110601174635460	-2.3042690442027682	2.1900085693686773	0.0138076307903359	0.0201303620772055	-0.0827751055157598	-46.8843898744855600	3.1788490739402170	0.0237424944397870	-0.0184084685572713	3.006251250770787	990.0780593536788	
10.7737207455922100	-2.3922689335516094	2.1118995818828847	-0.0103001844592605	0.0002745777651480	-0.5595097947161426	-48.4280266903419400	3.1910320912898085	-0.0074547347906918	-0.0208616269965779	3.3038213516415764	983.5321535718285	
11.0443135789112330	-2.3371912568313924	2.2067892020579762	-0.0342960342397727	0.0475947291339093	-0.4164088549840480	-46.8179035315448800	3.2145517295757813	0.0097760821929951	0.0109259961407221	3.3723358368592984	992.1263765018145	
11.0041232382860220	-2.3251185295541550	2.1945716880237987	-0.0203050106131104	0.1210348458379155	-0.7679357374271283	-46.9490333699864950	3.1971791932773780	0.0163894251545934	-0.0225822192226657	3.175507509548204	986.9989149097153	
12.3466564389206400	-2.4401034764162890	2.0924577375593870	-0.0341865928313424	0.0675047187152049	-0.6919007195853779	-49.2790649092982900	3.2145910548945764	-0.0060034800425207	-0.0046249583324480	3.0504539699563034	989.6458272657645	
9.2094432467546420	-2.3243539569697200	2.1634595033278883	-0.0755941376661510	0.0184102636657533	-2.0244719373273560	-47.4750254206297200	3.1760045677257565	0.0233630369649910	-0.0366328781143093	3.214655806280154	990.5521651784261	
11.1112139897007120	-2.3910879664461300	2.1168352759940200	0.0102346218657903	0.0283944900744104	0.6259038827045572	-48.4440398137928500	3.1933972456907105	-0.0020737518766171	0.0246521242297618	3.2012672954480337	997.3064912604898	
12.3353232208744150	-2.3635396187343120	2.1025416378800190	0.0299958180031628	-0.0033953572328961	0.3384721239578675	-48.5029402787017800	3.1634943159950333	0.0087448583665090	-0.0113074118557610	3.146075110807506	985.3191412693685	
10.3510339929526150	-2.3459169587779054	2.1587415067191826	-0.0259780910123038	-0.1103488090159150	-1.3234734216960460	-47.6013804231724300	3.1877487157142266	0.0124453677793308	-0.0476379030790195	3.1566754003847506	994.005393556475	
12.2921555860789570	-2.3798043851222976	2.1087371322011896	-0.0402891816234942	0.1871551379700128	-0.4257044232768964	-47.8743241876935100	3.1797083042868850	-0.0322224163914434	0.0167701478295706	3.2512241354524996	982.8493657570486	
11.7019028465217880	-2.3270247195577642	2.1915343714994084	-0.0879121533599897	0.1430230197769601	-1.4684675506522415	-46.4859774993146860	3.1977168458716494	-0.0129026235730719	0.0059991281190848	3.266944550420169	993.3593819159951	
10.4370219186593310	-2.3342244804102785	2.1415745040043754	-0.1040820387513069	0.0334658320672391	-1.8583462646457558	-47.9041460879515100	3.1694141707954175	0.0243002986700503	0.0012889470872214	2.9757054850539335	979.2796551571483	
11.3367036240284680	-2.3622471529832043	2.1366157457544880	-0.0567686982474722	-0.0288339230352217	-0.2636409641360333	-48.2805959593443300	3.1853209578983455	0.0227405131186670	0.0421237002249371	2.9605920596445623	992.0182277590585	
12.2478592767413870	-2.2948820653855220	2.2372518265779220	0.0002032614941014	-0.1222100409450403	-0.2628834410274301	-45.5717199570057100	3.2049150193453824	-0.0087396256133187	-0.0149267742036815	3.453785658382539	979.7139346092227	
11.6919315594359910	-2.3602337239431080	2.1486063819280754	-0.0485658746943487	-0.0008257465225152	-1.2729129529454415	-47.6957509684095400	3.1920325075590488	0.0004728837980774	-0.0223496611258186	3.019249533409787	988.9072231652842	
10.5524300572660120	-2.4210721318865023	2.1167063143542360	-0.0728471972599867	0.0215848876664127	-1.2970662909277570	-48.7355974473307040	3.2167234913356630	-0.0057080844097431	0.0000351404649469	3.0180220486276874	989.5869553779626	
11.6800824051725840	-2.3340900971693683	2.1860676787998736	-0.0188252777983770	0.1032275161184061	0.0273972139106268	-47.4658686581379700	3.1977684731591074	0.0329814370922942	0.0202949737314909	3.082351087988791	989.8495562116042	
12.4522542366468550	-2.3254241341052992	2.1661197229860050	0.0020304604267395	-0.0891647209768651	-0.2081407623113825	-47.2111305213765200	3.1779541210855586	0.0099960066558282	-0.0135596712401108	3.163823957570238	978.1726425163176	
9.1798358500616680	-2.3092995494226036	2.1916797346841776	-0.0468828376147616	0.1308820929681158	-1.2703781811615670	-46.6024780851368600	3.1840109465301176	0.0058116170346513	-0.0237273330862591	3.168577657166589	986.3496973464153	
10.2672757160443580	-2.3990580872587763	2.1047036122004457	0.0245145853385114	-0.0439168489902667	1.4950529894915210	-48.5331381620957100	3.1909674506394836	-0.0115333937905476	0.0587509653766489	3.1181119329170732	984.295873689384	
10.7885698340482640	-2.4472902785872495	2.0728227167858577	0.1172095977173965	-0.0705646330817998	2.0913339488363305	-50.1406323010903600	3.2092130509423145	0.0226583657574734	-0.0000693610754263	3.1457102220568034	991.7222107713536	
