10.0000000000000000	0.0000000000000000	3.2000000000000000	-0.0000000000000000	0.0000000000000000	0.0000000000000000	0.0000000000000000	3.2000000000000000	0.0000000000000000	0.0000000000000000	3.2	988.7391860311432	
12.2942048154944780	-0.0159019518544808	3.2406522198865420	0.0151968826600305	-0.0698687975955694	-0.0795185398427249	-0.2985398666156782	3.2406668738092500	0.0010076332566118	-0.0196932790956603	3.1472951176006463	973.0339361806102	
8.8838707451244230	0.0343130254783182	3.1783843987025002	-0.0825852151231338	0.0111466646612383	-2.2911762893953136	0.7025943943527959	3.1793267124311435	-0.0046724555179742	-0.0445523419257686	3.0445749272558955	997.0291861964374	
11.3517969417436150	-0.0526118693827549	3.1790075559170340	-0.0387537583778941	-0.0290519217058518	-0.0830379857560245	-1.0546517415297940	3.1794902165010250	0.0058928787326504	0.0341487967644918	2.9585129187358516	977.5825177326276	
9.1167952260360680	0.0030131388643159	3.1987317574889103	-0.0700022904715414	0.1195923617580653	-1.4528098091371346	-0.0452306995642931	3.1994749476129610	0.0055150737687913	-0.0111310198785869	3.161286947022346	988.6625957447108	
10.0713129214035210	0.0944887906036899	3.1833538173938694	-0.0028732073848235	0.0231487170391336	0.3514016426397540	1.6603734044725806	3.1846775371398700	0.0022207264132279	0.0224046066127097	3.274955033031386	987.5787674290727	
9.8686351428812920	-0.0538175173136404	3.1732424756637530	0.0181226833050416	0.0313282260795784	0.2585894214449979	-0.4252828290771540	3.1736039931696034	-0.0302646600946370	-0.0037829966838036	3.161963934379552	1017.5424070908201	
10.8608444908251350	0.0182826006021263	3.2077563150255344	0.0139468896314717	0.1476085230275703	0.4725661403971868	0.2659807596912523	3.2078125453757450	0.0034235019772799	0.0125019664676587	3.2725035496023325	996.7658926286334	
10.3022968903273500	-0.0182205403312200	3.1792054588014810	-0.0125701465648622	0.0498023064796138	-0.4963163189072328	-0.3931486313367045	3.1792452452427070	0.0035815792067558	-0.0149729369124811	3.3022280385875367	995.8406611399562	
9.5862917040638300	0.0096996607097935	3.1881574512907150	-0.0452120406883493	0.1519136726756992	-0.5497290569991559	0.0903828571374598	3.1884558255881580	0.0047091513847749	0.0146088475852496	2.967014334703778	986.9588989904485	
9.9493629563889530	-0.0187274023064905	3.1899750906456856	0.0175859940093136	-0.1411428220940632	0.3452423193935870	-0.0306088805733832	3.1900326950249798	-0.0170272109479423	0.0015938887637516	3.17296730788741	1000.9031129304462	
11.3827633842293740	-0.0140812440703931	3.1934778867693220	0.0357926713425126	0.0932397125924853	0.5687397545923321	-0.1455095444048556	3.1937013036654625	-0.0059776353615204	-0.0040817743769755	3.233032349423951	983.2945406357004	
9.9168537883596780	0.0538916596605345	3.1799878595195286	-0.0525143174215831	-0.1163738030580702	-0.9684535017332578	1.3626914793907485	3.1808034109906287	-0.0217449648506656	-0.0012916426898072	3.1987140514454717	1006.3786898361129	
10.6928043632832460	-0.0612814756630397	3.1941475074103110	-0.0001669248384613	0.1446556873457623	-0.3370041646900240	-1.3737009984104920	3.1946443459127450	0.0152633518973882	-0.0186622462589960	3.127842814855349	993.5778293111719	
9.5930196316766630	0.0169689222105792	3.1869363181945953	0.0097164863500686	0.0002159939634347	-0.5545655095899945	-0.0733141980605814	3.1866686734051760	0.0210466756096843	-0.0405617312202070	3.045972270185289	993.788256259758	
8.4857391266510300	-0.0476831096375951	3.1660457461281775	0.0120221212293335	0.1220002398906497	0.2228463474405948	-1.0370636420440162	3.1664129707112254	0.0096281571293784	0.0002728037704280	2.9738996657883443	996.8562205624904	
10.2442138422545810	0.0180938988567221	3.2038731078177354	0.1192389096857327	0.0202322872115616	2.1064627362390360	-0.1811525639921753	3.2060177287190280	0.0282230095360191	-0.0014080584381404	3.3037845814283515	992.3249664785924	
9.7593199183079080	0.0195204226934959	3.2088722806774688	0.0868084546289731	-0.0607312060858500	1.3175316493916298	0.2640391680846088	3.2100757969594063	0.0047464308546882	-0.0129968291132199	3.2416712679919093	994.2983371418378	
8.8914561674165210	0.0199994846669474	3.1724992960210967	0.0451622146077398	-0.1563920780563416	1.1424529991043026	0.5649886967166433	3.1728120606549117	-0.0113340877032955	0.0180708186930749	3.402072139370974	968.7737055963486	
10.6048546028895460	0.0559142558910033	3.2081334207397220	0.0690418853145919	-0.0221226773113718	1.6353535468805063	1.2289173298688418	3.2092581739027137	-0.0129121795162454	0.0225495025565420	3.326098798122141	1012.831511405431	
10.0579125016210880	0.0273699364876679	3.1459257233759774	0.0703939615394046	0.0321243633640820	0.2506229816469108	-0.0506106828462162	3.1461781394424952	0.0301170369191038	-0.0566494415205493	3.093696176087978	987.4495945509411	
11.0320817522770200	0.0095024842839636	3.1798333567557120	0.0030772553024438	0.0389590051895169	0.1921730921135308	0.0351380627973633	3.1798310216165540	0.0075575285449599	0.0075829526819192	3.219814049180504	1002.7019351941246	
10.7160273956412590	0.0218309523087035	3.1893499871530810	-0.0510236717186321	0.0668690221742512	-1.1592480862399840	0.3563457402453762	3.1898035621789083	0.0019790219199413	-0.0135153353898326	3.054296607901199	995.5507136959559	
9.5200941525523140	-0.0094535410739840	3.2031904834482250	-0.0921546178348745	-0.0433234639773924	-1.7093106497544180	-0.5517022557331648	3.2044565542306023	0.0213925971609885	-0.0034154232018590	3.262442026806391	978.7346209331141	
9.9570701538491590	-0.0413291140850273	3.2166988304513940	-0.0395379458930483	-0.0082066440380565	-0.5742606084850558	-0.9306921778531211	3.2171804666974126	0.0109239025489595	0.0072954586956012	3.1463317448654675	983.9461546615923	
9.8696767571733230	-0.0530746685795628	3.1984505974740522	-0.0157123051440226	0.2127946081109875	-0.1827977606935352	-0.9638272647981218	3.1989246882671120	0.0007549542021594	0.0055036623447293	3.2323388607732846	997.3304161828336	
11.4121076954863910	0.0264547813300270	3.2333816915227820	-0.0209487529581618	-0.1482724838090194	-0.1255112761030860	1.1356233654409686	3.2333090417044916	-0.0376687868258622	0.0137685188564366	3.0740845642175088	998.2799733331418	
9.3765787463896810	-0.0609061846775635	3.1610159720117010	-0.0774503714798609	0.0315715062181570	-1.4006301046490954	-0.9727130610005347	3.1625429210768528	-0.0072351907015061	0.0001518210276641	3.292726128001769	993.9989534591052	
12.0980700783557790	-0.0353373959787247	3.1855615006472493	-0.0340139878800225	-0.0563338784526116	-0.1223350124229266	-0.6665539078039998	3.1858223901843200	0.0016968254169845	0.0272135318506716	3.188072361614788	998.3250348020298	
9.2614807374268810	0.0559022695316457	3.2026967622481630	-0.0912788800643227	0.0694932343469765	-2.3463646917649610	0.6995189272047041	3.2041920132230850	0.0167491937199677	-0.0399556692670228	3.3558962455752654	988.0883640596131	
11.6251134119226260	0.0159563696323965	3.2126717629302664	-0.0311995941025942	-0.1018135246854411	-0.1427635317517156	0.3379573237158913	3.2127777598061367	-0.0030348510388927	0.0231890600867945	3.1213128475644845	1007.9076844023887	
9.9426742834418800	0.0862777090481352	3.2315948898219276	-0.0716692940022183	-0.0658501220678127	-1.6442959765026481	1.3761069385283993	3.2334602203561653	0.0086694135773833	-0.0211117821854446	2.9766534491580936	995.3214511821606	
8.6750364350027630	-0.0251780058594247	3.1806494188939180	-0.0390043026062036	0.0164195161249192	-0.6807870789497144	-0.3679270417306826	3.1809844296071343	-0.0047526184614285	0.0012102585696095	3.0767932442739245	986.047094755039	
10.7812516500863790	0.0123359176734648	3.1666821470343067	0.0482491933944039	-0.0374834823607930	1.5633836457392190	-0.1561563380479440	3.1667743736975713	0.0209414990403922	0.0381772128914101	3.2298341434290814	986.5997474700813	
10.3206295487764150	-0.0545195413496370	3.1885218118942893	0.0212174944637596	0.1102120462710130	0.4869697409792519	-0.4774047632801062	3.1889305489479160	-0.0279389103309491	0.0059395843454866	3.507823465527983	992.2901210805301	
8.5556522476619370	0.0075440438551563	3.2054955313716573	-0.0049790360430622	-0.0393000417964347	0.2242474066211263	0.5186525022297476	3.2053884508039380	-0.0214846511572933	0.0175098331988112	2.9952897888908963	990.3157606286276	
12.0734931554215800	-0.0172450371545667	3.1974627196416043	0.0925453925768935	0.0282000220774983	1.8552028030118490	-0.1526207634359220	3.1988173302685077	-0.0087223692733142	0.0110223563575823	3.124795003469028	995.1409193765294	
9.3194343078284660	0.0832063138487218	3.1491134871550980	0.0096536527882129	0.2066526793111334	-0.9733073712251602	1.6378894268765969	3.1495866159286545	-0.0070655245203997	-0.0631384651771552	3.2126929787304515	985.4154047664667	
9.0982008029188040	0.0322768202554410	3.1970362910852623	-0.0140705872667251	-0.0119321444349631	0.3404971771952421	0.4379254121253230	3.1970495293135860	0.0078335114340940	0.0330721073176661	3.1779175364817243	1006.4666930968297	
11.1134966007834620	-0.0044989124482719	3.1761652018898077	0.0807537200115264	0.0794560297832467	1.4862844683973253	0.0662205189584303	3.1771838641532906	-0.0081675089846476	0.0016668430020807	3.434621166096986	995.6379052166319	
9.3857704093458970	0.0444296582300656	3.1903532088475317	0.0456383760513277	0.0663503878179108	-0.0440580778792936	0.9544012281914865	3.1906146177211716	-0.0087728634122822	-0.0480817133047173	3.100953361104912	999.3852082231059	
9.0964972669298800	0.0221188383112340	3.1530104619098050	0.0809060385370612	-0.0446329570966828	0.8621649889135277	0.8691613793235976	3.1538436440377984	-0.0256861146333852	-0.0334738027433766	2.9666041047685714	991.6436600411134	
10.4221612603172400	-0.0413561030041946	3.1718288406903900	0.0797366337627540	0.0640520371759597	1.5393959548447067	-0.7665286247499028	3.1730954828884035	0.0010866375290112	0.0055071178434988	3.20509019476975	1005.4203336520682	
11.6480541337647680	0.0132251742490135	3.1884780037123500	0.0088663782209278	-0.0864290071591433	0.4174622209371359	0.5262794923609357	3.1884449422969980	-0.0160837815302579	0.0143408495754147	3.1587411322993497	991.4153417446065	
9.4448262433656660	-0.0154126720030660	3.1752589930571810	-0.0665258911970638	0.1043520048875528	-1.5473325586955895	-0.7386129357185625	3.1758324179476496	0.0254853822943222	-0.0192838287286623	3.2149649967629763	1001.1649480486902	
9.6755647646307370	-0.0023349713686903	3.1787829948952924	-0.0510469111756463	0.1418974347370053	-0.3338833795700729	-0.1653462303906978	3.1790199914006587	0.0069189952678910	0.0325052249152237	3.186430278590824	984.2574169666262	
9.1661107911384610	-0.0084684203104154	3.1782282861851305	0.0205035278796479	-0.0831311204771330	0.1330797950465288	-0.3525614337202920	3.1782592754507800	0.0111074189643180	-0.0131053866928906	3.2129837472622516	997.9509905397174	
9.7903223708516830	-0.0348829389251869	3.2413460378004880	0.0409759020900473	-0.0960760909757921	1.0413606721975552	-0.7137384611163431	3.2417383946795330	0.0054663548387550	0.0179521633909802	3.2428438065252925	979.7598310167791	
10.9914280126975040	0.0281387863724441	3.2173041394152660	0.0450859226023890	0.1621327693163026	0.8314552793486350	1.0572161529114510	3.2175911318442190	-0.0312233511768509	0.0016934676711085	3.100652783760707	992.093809036366	
11.2974371576538400	0.0022072807267020	3.1554299717919694	0.0068745478340216	0.0079445036750761	-0.5780137984376567	-0.0323018820050370	3.1551983081739214	0.0039808632969441	-0.0387069399853970	3.3068029492602626	982.6853909906589	
10.1268095071653370	0.0950979836477369	3.1950701009252986	-0.0832101145058816	-0.1175100961480154	-1.7752914721765953	1.4789238083960650	3.1975037526367210	0.0126365180443595	-0.0158293955205719	3.3141190664116165	987.938068344979	
9.1072030743492470	0.0411453258122840	3.2201381817831383	-0.0755491785914098	0.0200202892961033	-1.0548586275762310	0.6498855784279896	3.2212427942879485	0.0046242618032456	0.0162481522149145	3.3451704128243134	996.089214435214	
9.4174355075569500	-0.0570472225459247	3.2094923612637600	-0.0040778375800029	-0.0661715455678836	0.3923435499678687	-1.1756712247785406	3.2098840238906530	0.0087867092562106	0.0260687222923076	3.334145651925986	999.2094704419266	
9.1780756757650800	0.1054254821102288	3.1825251676333820	0.0475746106542214	-0.1054906555438327	0.9119732341081288	1.2450464082463624	3.1844184145434054	0.0362434690928452	0.0031765613392775	3.129681293932409	982.2728543271646	
8.6530469879543850	-0.0046706359020637	3.1662163399893340	0.0776479158250132	0.0054191186294912	1.5439918937604071	0.0929089568586245	3.1671472373279070	-0.0098041325161202	0.0076929421526001	3.1328822103690803	991.8349051864882	
8.3527870132779220	0.0625979537691719	3.1972601097444313	0.1026553643395953	-0.0994080846241275	2.3207217303031893	0.8841902960536171	3.1993793999684700	0.0132055129917637	0.0269426518882624	3.05839893661957	983.9370219570807	
9.9578427453897320	0.0302582188547261	3.1777350304229883	0.1509425685480521	-0.0481451682179301	2.9468425620694960	0.1870925455232175	3.1813746132796292	0.0198709434161395	0.0126434952910262	3.471951407381452	1001.5597585733257	
10.1358436767503140	0.0565526132921844	3.2128381145129130	0.0942643392219579	-0.0585735466333530	1.5229135058646373	1.0217424230389645	3.2147059223501860	-0.0007381147009368	-0.0088318616012758	3.097136852857752	978.892501285984	
10.0118153097083230	0.0495501943798752	3.1906727378938844	0.0239954087304996	0.1466480871456523	0.4906197645632227	0.2616222546747760	3.1909542152056850	0.0349889793054165	0.0032387545011463	3.2910657693007415	995.3831245405438	
10.3976010962729360	-0.0415701336378525	3.1940680135281307	-0.0217021645612477	0.1006492481395206	-0.3358206183476597	-0.5086497363198084	3.1943835195308057	-0.0132079151109108	0.0030026870063093	3.0504405267822086	981.333403419133	
8.1391201634675490	0.0022895893754510	3.1727303138381364	-0.0482050271118077	-0.0624360754838033	-1.0613530083886804	-0.1542324028176660	3.1730612288508800	0.0108416404131196	-0.0105597349539311	3.1559296076819185	980.537567240709	
8.6677978331770460	0.1055754046179721	3.2061291833485046	0.0487780396561159	0.0700113055343710	0.8771497598442969	1.3334814474739596	3.2080886370260100	0.0309356308896649	0.0002953945567097	3.210924734045768	992.5552477141248	
9.3073560655581780	0.0507921731571416	3.1836962288955730	0.0622475029783119	0.1237667641410333	1.6862340326553766	0.9549963363261845	3.1845534076208420	-0.0022097381770324	0.0314799211025677	3.13484209388449	985.5945914000573	
9.0324244708408140	0.0445592972726008	3.1947008626338644	0.0594605179943312	-0.1613023738416539	1.0848976481740735	0.5482896196855225	3.1955340686621745	0.0139831708931800	0.0010829765854982	3.1173428254813453	976.3227543222035	
10.8090491271725570	-0.0701323183788253	3.1823418861748243	0.0898057934738073	-0.0201439710199693	1.0473212048192018	-0.5626171818882558	3.1839868722379183	-0.0388692453827134	-0.0316272399264671	3.112202399417347	997.301741697487	
8.4234752015917920	0.0226955204802341	3.1803667858174930	-0.0340757972769399	-0.0316590300803167	-0.9386296566546773	0.5928721663613613	3.1805628071937684	-0.0102042160209688	-0.0180344784264178	3.4299359033064545	988.2756970806753	
8.8657620425212610	-0.0288669219922093	3.2180015872331356	0.0121703591125694	0.0913325428468222	0.4416713987990141	-0.0843039409217894	3.2180387817313140	-0.0241118111958711	0.0126748607608637	2.9994435562944286	993.1944296552834	
11.1856835018988720	0.0252749230977791	3.2001808197602330	0.0500268653373725	0.0382492054324450	1.1840151030874553	0.4658224395599309	3.2006309711502374	-0.0007327719955637	0.0161132775513338	3.3306211844580993	1001.8081278061694	
10.3507843729649100	-0.0575946628080807	3.1863863642323180	-0.0890412043497011	-0.1512326851856267	-1.3480029822413662	-0.7794235980362044	3.1880877270409380	-0.0142816618793019	0.0140079351291551	3.111237757185075	1003.8408665639247	
8.9960160141308400	0.0013425484381308	3.1884807219332960	-0.1075988660688329	0.0395876930772853	-1.8752109903495557	-0.0261457839955348	3.1902931733398640	0.0027997617466278	0.0032034405099341	3.260869576781114	1004.8012414083405	
11.2473060991231350	-0.0658576899138753	3.1907481997273280	-0.0894509064669508	-0.0025119284785048	-0.5909570478830822	-1.1981823454122877	3.1921805050236625	0.0008750189219742	0.0565299189854260	3.3019620628303867	987.0614598040898	
9.7555782249660030	-0.0163418804088697	3.1855776316484166	-0.1057629943012180	0.0364359850316158	-2.0389595231421067	0.1042503072679121	3.1872886932186426	-0.0221428996716699	-0.0076284567458126	3.085924899436474	977.033877507577	
9.4360799347135800	0.0394322065332939	3.2033441884455045	-0.0744855750174805	0.1181032387460331	-1.5627779318093150	0.6153069632710899	3.2044227249037873	0.0050028325268454	-0.0129213479270216	3.077309094731928	979.9780576502133	
10.4992977183687600	0.0443969693038695	3.1915605895136670	-0.0408638709540886	-0.0258714283965944	-0.5970200888200303	0.6544753470455360	3.1921120148979636	0.0079350340260865	0.0076067699201859	2.879602461965777	989.6148266838613	
11.7292891518128550	0.0398468895375839	3.2117282545108354	-0.0370989407342135	-0.1790740806768755	-1.1624913025604475	0.4924805897723799	3.2120436817507700	0.0123273221711864	-0.0280340950573797	3.1682605542360123	988.6414421355876	
8.8300062691716700	-0.0141701604462579	3.1835580310701883	-0.1228679918558604	-0.0521690147130228	-2.6464999835975790	-0.4454974673779488	3.1858497292806390	0.0106055332145621	-0.0242507560495200	3.1194083582628176	990.3743115603121	
10.7641153623990480	-0.0254329945213458	3.1845974749088644	-0.0678757364506968	-0.1467484453667570	-0.5151078628849416	-0.5613538001591515	3.1851753204737400	0.0056682048499667	0.0392565829351969	3.41188629168028	981.6765726462198	
10.1840372898248730	-0.0235960989188913	3.1925062934122140	-0.0649698008110877	0.1394558041820382	-1.1355756627661997	-0.3918049205151727	3.1932535649825726	-0.0017603390187208	0.0016897665060722	3.202639986670645	1000.7367478071612	
9.4893483374091630	-0.0227981911051460	3.2088630247639776	-0.0449253051727093	0.0105171570040268	-0.7113333875726503	-0.0416114451012224	3.2091891771070370	-0.0204667933398069	0.0050880418037951	3.072336581180123	981.1536917571067	
10.9063505270719130	0.0888949524359545	3.1939717125138958	-0.0204991406785777	-0.0963212991972455	0.1195639431984201	2.1340511368892576	3.1950170021557196	-0.0301481943124155	0.0271158623628091	3.290197448588309	1000.6512064023694	
11.5348715073993660	0.0378555980701138	3.1410103749373293	-0.0163268370476474	-0.0540536583141787	-0.4965626821261803	0.3016868882650766	3.1411896883617370	0.0213266517467569	-0.0108767197416016	3.0739749564155603	996.9270772408428	
9.0578555565531590	-0.0108150290086117	3.1640788102132107	-0.0789783383710752	-0.0920226499316820	-1.9046090484414880	-0.2668682741177645	3.1649717346442780	0.0039645761338603	-0.0262194787024558	3.1383765794698464	990.9702174518972	
9.0614273083237150	-0.0248635979600942	3.1952300457564500	-0.0464680151961886	0.1404850667764637	0.1561461313121252	-0.6128643175267250	3.1951747012509360	0.0094502106764649	0.0551528988242602	2.962256057929482	987.9509077004441	
7.3381681477949100	0.0468182253530635	3.1655245497475577	0.0218508757908253	0.0220323368447351	1.2821659142023119	0.8291179826060060	3.1655668683732228	0.0010259672025403	0.0489941966110343	3.274303490867824	1007.4565751873861	
10.6690103955457760	0.0658245227617788	3.1820146910691762	0.1557031435285067	0.0084524415787529	3.6950772083335900	0.9736292076812254	3.1860920432194920	0.0117528698760100	0.0497312081560245	3.1725639174134805	986.4075697743779	
11.1728802416752070	-0.0010229442396671	3.1928697860375013	0.1137990306141376	-0.1258715365752808	1.6281489980498782	-0.3092293434484438	3.1947731279926330	0.0162596975238469	-0.0230004188524850	3.3489838682211173	988.9442766030809	
9.6877640313028210	0.0087041401364037	3.1933574768043984	0.0111135924834308	-0.1452342278132633	-0.3669647857595021	-0.1421811647567166	3.1931893696180174	0.0167084754714051	-0.0315234081575558	3.3384839568721	990.8044028663048	
9.5087564891223390	-0.0469407122046965	3.1678212003363630	0.0108326166434423	0.1910066215245931	0.0633839890651972	-1.0362163440371368	3.1681620867827034	0.0103306272633061	-0.0073622930640604	3.094774177557565	988.2592739481909	
10.9502034978805050	0.0658023691650556	3.1672350576607540	-0.0233550122418079	0.0856081349085913	0.5057858235396772	0.4976663710593678	3.1673575387837998	0.0383665248854990	0.0512596345823057	3.246739131891046	1005.5368062488063	
8.8273661252933910	0.0861677195476715	3.1617191298483870	-0.0305841018779283	-0.2204804703584081	-0.9348263293185244	1.7879748398754443	3.1629463089071150	-0.0124419896501033	-0.0210704317319417	3.379097181218961	986.7061095354205	
12.4339108732585330	-0.0326532253045559	3.1923415174985060	0.0006884774017782	-0.0678087102687124	0.7000881328301353	0.0668928647064661	3.1920713288391793	-0.0364255851883195	0.0382737483812665	3.2214083385003893	987.2164751276665	
11.7319321408987380	0.0519865165415118	3.2051447051617720	-0.0896484888159337	0.0294890713191487	-2.1259148767628380	1.0759830416125238	3.2066750130021866	-0.0082250489531414	-0.0293213238579981	3.2696141579506777	982.2125396858675	
10.6903529194605260	0.0165714489321009	3.1666832409837460	-0.1811407086143804	0.0103315835415919	-3.2161576152740840	-0.0632484381546413	3.1718380183894603	0.0200676951073468	0.0031922839240035	3.01858120838947	987.1586790309094	
11.2815276592410250	-0.0050466494606816	3.1944293103423710	-0.1405477111733725	0.0201078590651082	-2.4817168358048196	0.1262156104864684	3.1975001705270816	-0.0120828331339099	0.0021002818934147	3.1137575095041616	988.8674166640129	
11.0425657022009640	0.8460083666680828	1.9226577700006950	-0.1516712942635483	-0.0876228585852976	-2.5769174908515250	1.8657147921514865	1.9540302522760395	0.7828650839061770	0.0650789682665079	3.2587136190306727	990.2317520071612	
7.6945424523004740	0.8094754026318656	1.9480822427991997	-0.1189091562748570	-0.0980852921796400	-2.1747328275510345	1.1588441918500320	1.9671524935864386	0.7698343484039016	0.0456112115140208	3.177053924934279	985.6692793326077	
12.6803862496007440	0.7748061049523348	1.9338749172481764	0.0392555771986052	0.0044183008429492	1.7454288213031720	-0.2240045293972715	1.9311307679199152	0.7823623806913588	0.0195130378524980	3.3339501927497492	993.3571400279196	
9.4726045251294320	0.7999918523028771	1.9328060613592990	-0.0409130965177040	-0.2183033397101041	-1.2521900234661705	1.4566313670097988	1.9529452950126798	0.7506021532609238	0.0010946473420891	3.167539555086767	992.8637940498494	
9.6564282012130920	0.8274750446580087	1.9009075643426978	0.0165050124196426	0.0892197150482034	0.5314768073105582	1.0891971041741553	1.9163641685705448	0.7911923312573671	0.0000389934721754	3.218044627454407	980.1392261783886	
10.7417702973936110	0.7893408661661000	1.9294779596864067	0.0198627101731862	0.0917764498433395	1.0679942905172657	0.1967598384860769	1.9322118199409573	0.7827350631238496	0.0149007049446731	3.069602959270095	994.5738598338946	
9.8854118841484230	0.8026403462956271	1.9047848920337165	0.0509161971171397	-0.0122811147802127	0.5594879404138888	1.1928164564664885	1.9214863424376045	0.7628212481027908	-0.0319913866374873	3.056826339985699	975.2947967791152	
9.6282569935339100	0.7921563259839811	1.9427608438333601	0.0326642060702607	0.0152774980840529	0.9992022285981281	0.8734704235115416	1.9548833876936840	0.7624485139914393	0.0012229138401404	3.358025044664373	1008.9367668422605	
11.2319861941160630	0.7891128467955337	1.9412033155801340	0.0445563550796821	0.0974924687679447	1.3915360035808900	-0.0193898501566306	1.9414457789719948	0.7897730034567694	0.0012475967868756	3.2068000078718812	992.7446282265887	
9.3974471224188600	0.7164222254501870	1.9200871815928764	0.0231143832338010	0.0616728865658580	-0.0941954230397723	-0.4559101586629649	1.9142852012674360	0.7316490819741336	-0.0270490998639815	3.1252161328710684	980.5902361586031	
9.5014229812131100	0.7228380042290130	1.9427644852466346	0.0021797757835908	0.0250305828583542	0.7698716385952100	-0.9411454806424703	1.9304845358615907	0.7546613822216525	0.0234314297138106	3.140388015307198	997.4728193343628	
10.5534801290164210	0.7445785151617693	1.9393962118055526	0.0653971433274757	0.0261330946835648	1.3401359375086148	-0.6585978294802549	1.9317109516520736	0.7668123093186867	-0.0205742437627533	3.129060911632437	999.7452474257267	
10.9401529847317000	0.7253712063542378	1.9303730267214048	0.0241676240341187	0.0764160524877577	0.5230524182283016	-0.9408579979875429	1.9183426260761975	0.7569612256412108	-0.0076651945603393	3.2234396555252194	987.898486617419	
10.2599831783552680	0.7624461933796897	1.9198502207674250	-0.0052729701955944	0.1610390053647220	-0.4524091843875365	-0.3694061884917829	1.9148765328815650	0.7747774781197749	-0.0120247832592734	3.267767478324257	992.1080042000343	
9.1216061885665860	0.7175884290045980	1.9085491232774576	-0.0068620150705726	0.0516653940876797	-0.2173673142087154	-1.2861461634509725	1.8919740091947097	0.7602455805342622	-0.0010012317853040	3.1107118946244983	988.8542395474423	
11.5282923369577500	0.7242044629768929	1.9132166034143260	0.0334965934163679	-0.0095417183009038	0.8059427138738926	0.3977250878902542	1.9184790077471077	0.7109073881782519	-0.0063937323724889	3.075541539697068	985.9787849740367	
10.5494327785174010	0.6144030205227943	1.9474476985785260	-0.0075467680030020	0.1485650279478971	-0.8023489558118837	-2.9703650962559590	1.9129113415441004	0.7144408893865405	-0.0210945253120485	3.177730834868929	1003.5122938854868	
11.2850583818475020	0.6484822081051882	1.9203390398313470	-0.0482365370268077	-0.1303986070005447	-0.9246378537318405	-2.7045593897878386	1.8881333907968676	0.7383305252227098	0.0194499284312057	3.2630308024559818	981.1755036318958	
11.2912950948833420	0.6322624582577355	1.9226813181211115	-0.0939207873872819	-0.0435830288673132	-1.5615599872772945	-2.4668026499352300	1.8955428734551445	0.7143974092766854	0.0428245022115999	3.1627440827690885	998.0246629556668	
9.7685316425679900	0.6375537882523452	1.9559002849993736	-0.1020608965394116	-0.1259749815000433	-1.8875862387012057	-2.5378642080110865	1.9280680521341690	0.7234483905715137	0.0401646224557624	3.191663093511652	994.3211246770987	
8.2800326180146350	0.6733532123211531	1.9031613894365190	-0.0476769796080527	-0.0045716687510358	-0.4296316726820698	-1.5772062129025420	1.8842115535151550	0.7254779765905464	0.0336072053553556	3.1532720491300386	984.8787114365197	
10.8297222390397860	0.7021060383848986	1.8968454245536102	0.0864909196462338	-0.2948672726490251	2.0862308439979840	-0.7111823932038126	1.8898818197571550	0.7256773970411833	-0.0139698154128807	2.959625944251568	976.3025432831546	
8.1005343269427520	0.6158383535320671	1.9049224550533600	0.0276498782543047	0.0480162908305643	0.6305072134705978	-2.8756690476899490	1.8718187400438235	0.7106244199808142	-0.0076479646161767	3.1792744076118966	986.163239170051	
10.9857848890081030	0.6040586878869405	1.8933961656587060	0.1487645528515373	0.1211462344453768	2.8220208358182437	-2.1971198400059087	1.8739039291991981	0.6760817022102177	-0.0580036791612470	3.1614054880150215	1002.0194147770638	
10.4577909164383150	0.5805894866190938	1.9429073287427143	0.0883765212010045	-0.1040965087080434	0.9159316082861563	-3.4864580866085797	1.9051736695829564	0.6977723268791150	-0.0566614341848367	3.2324282105604873	980.6447439312752	
10.2663194346574450	0.6064673981474045	1.9030449340635260	-0.0053729158359000	0.0284041664382304	0.1258567340148303	-2.7124546986499230	1.8721962547860578	0.6958514423257478	0.0091404640663610	3.3556976397264275	983.1420671224685	
9.4356897833633300	0.5718657063359125	1.9303540893382098	0.0078848296660462	-0.0186357971420725	0.0854864782445422	-3.4519204398858427	1.8924288890422580	0.6870581942042350	-0.0048378240754104	3.262336484442261	986.2484391602885	
10.9959982562284450	0.5375758716062935	1.9112477965164905	0.0182993490168792	-0.0537111789176711	0.5567335090635790	-3.5991042496434376	1.8738213347160282	0.6564938348700423	0.0005233904055008	3.012179559434604	994.5919739478744	
10.3121222385690640	0.5331838148460207	1.9262699101200491	-0.0006007625194116	0.1179975819273939	-0.3743520480448976	-4.6292643378541980	1.8769176543235362	0.6868844252999049	-0.0130771989476464	3.1806447567480958	990.3737759367687	
8.9559824865966520	0.5830778095623352	1.9453999114907230	-0.0296330620526146	-0.0018833753654453	-0.5375420296164626	-4.0184044343338465	1.8999514380286917	0.7179715837576088	0.0118323306256902	3.4891308687649607	985.9383449880714	
9.3669107463010060	0.4823211386881340	1.9276508317336885	0.0612296528501877	0.0707349427417433	0.9990849096670984	-5.3402543281291280	1.8751769485850150	0.6595986329335342	-0.0293519202908197	3.0291995722126597	992.6847897108099	
9.7106866140317280	0.5332475207903452	1.9259707955725083	0.0386408855492973	-0.0201318053473209	1.1141411391973486	-4.1295096606344470	1.8829662993071650	0.6705551753120536	-0.0017928745033753	3.177892410128418	984.7379029678065	
9.0604066972498280	0.5193003406070484	1.9281878865244286	0.0485732848311549	0.1409708617316962	0.9889966434558870	-3.4638811606319400	1.8938458293316487	0.6348103953074381	-0.0174490752236925	3.1312450756769663	996.6476213199884	
10.4326356770752400	0.4658160086632727	1.9022698818648585	0.0863161892323085	-0.0810757569700955	1.6781101766475657	-4.5839126821242870	1.8606880743159442	0.6163980682313148	-0.0309685885994005	3.363220295458882	985.171788199621	
9.4728405218486990	0.5494151894588925	1.9454682094677360	0.0170267125871845	-0.0224610886316391	0.3427438496541111	-3.7471205429727170	1.9054710460588180	0.6753849554997889	-0.0053635730011449	3.1658877610522	998.3216663089967	
10.7230708415501600	0.4562141307129654	1.9184299671020190	0.0433041482723709	0.0289713345564903	0.4484603185329417	-4.8967281255168960	1.8727671633651295	0.6182916968178527	-0.0289594623959571	3.0995058438191108	987.8601061121666	
8.1184482796826420	0.4733173264091681	1.9222355420839552	-0.0144715160117773	-0.0484420289637494	-0.5950097136232175	-4.8347588222253180	1.8755529104537745	0.6336477681908607	-0.0044700627194789	2.970328013055169	1002.476568623764	
9.7599227380551720	0.3786473967783138	1.9395717243749286	0.0382681510397206	0.0672483252601361	1.4070908050264934	-7.2196387003655160	1.8769821583470274	0.6194064653398105	0.0070981975109119	3.272585279138701	989.7721478460197	
11.7270097127860600	0.4170642508819191	1.9372667543178280	0.0855214017237202	-0.0825753017588870	1.0462572169110202	-5.9457930497193310	1.8848898236040925	0.6155702518264742	-0.0502254401836466	3.528109060977846	1000.4005106979714	
9.5665750261928260	0.3864723004386436	1.9144074163060594	-0.0460685687073801	-0.0700434885283966	-1.5338100000195498	-7.0035197545782670	1.8535698750015202	0.6170168777650781	-0.0027926110737022	3.0300895083878756	990.5832819074036	
10.5292090857218280	0.4191794051188640	1.9237705060769168	-0.1413660730428330	0.0350872694485830	-3.1409146830412410	-6.5545005751604190	1.8682941982627133	0.6360583930194994	0.0386679420467466	3.1947994912169038	1003.0542644547453	
11.3051207865428940	0.3584841456974440	1.8961731882974846	-0.1678285513886330	0.0759846587074447	-2.7226536449045030	-7.3930093419679555	1.8401837480796455	0.5995995914281077	0.0797130394519957	3.238150428083753	991.0119255085376	
11.2748364345217860	0.3673795134390742	1.9013297498271820	-0.1480366902186250	-0.1706665319303031	-2.7134718283222030	-6.5645739891841950	1.8518015442035902	0.5821538126486476	0.0621720630778141	3.215433850748577	1000.3932576880889	
11.6876078528808130	0.3740701649866293	1.9273198717625524	-0.1582204877857664	0.0341004715687152	-2.6715489965695940	-7.1041531617656610	1.8716076253982512	0.6095988193514448	0.0706984807160285	3.229840792897584	987.5965443646757	
10.6167316457615600	0.3518093853151424	1.8824120753589673	-0.1830926346773383	0.1363098718963231	-3.0431922720421800	-8.3479810876110180	1.8185554367434273	0.6215838757556741	0.0851914715076490	3.370709524927412	976.7229913126805	
9.3775609082829980	0.3412455217733042	1.8772193601091085	-0.1482522131176528	-0.0101999104375289	-1.9969869882118410	-7.4619163796586060	1.8210679515303183	0.5821296938174685	0.0849487273490187	3.330342973426796	992.4009078605745	
11.5475575981873820	0.3859071227471266	1.8848104397449383	-0.0139065716712888	-0.1920069309008656	0.0992147985609464	-6.3407261744918530	1.8306337818393710	0.5916458326202750	0.0190593658253962	2.9237779487226647	1000.3988494561646	
10.8979124402427580	0.3317255001120306	1.8856641313709346	-0.0335532517152177	-0.0964569180405492	-0.9135084632046102	-7.3072521738467510	1.8284597972280368	0.5688610393087349	0.0053602557341751	3.1203862562277025	975.3347096659795	
11.1173109586180610	0.2485660000352004	1.8965528192868830	-0.0429892113608972	-0.0764439387669353	-0.6134414740643030	-9.1138609168712870	1.8335929132414446	0.5458044870876273	0.0240876606942196	3.161854293492606	988.3044294381315	
11.1312783485121650	0.2955032785894354	1.8824487888876900	-0.0564861615389874	0.0802656525135012	-0.5442259124632902	-7.9463052855155290	1.8239760416833590	0.5529593477698316	0.0383884874189148	3.316996713017677	987.2845043517774	
11.5759232641754450	0.2528729415050710	1.8964685948097540	-0.0721509596448133	-0.0785999263963599	-1.0376292137502579	-9.5151281971117450	1.8295817655240656	0.5628413074899441	0.0397975183602133	3.358324308920456	982.53631480332	
9.6387540731067100	0.2190888134403310	1.8812734147024122	-0.0667916667638535	-0.1511047605266993	-1.2106398093233940	-9.5611676540763620	1.8197547852172566	0.5284491663208885	0.0297438411022158	3.1040898627276428	976.8538717232497	
11.1190517719555830	0.2004571561211834	1.9014652274094994	0.0379534251470022	-0.0142293512187518	0.6363268702482862	-10.6439188437911640	1.8320318741472201	0.5482221065143065	-0.0174722352800436	3.3456717752206564	994.6687011800045	
11.3881150583501540	0.2558984007995996	1.8641994384961391	0.0049899140816382	0.1855632637339096	0.0795572800386041	-9.0661617715593010	1.8005921030553822	0.5464415543390613	-0.0042595034642266	3.383960970108303	994.111959990449	
11.0855468841266710	0.2260396940695441	1.8924261421889559	-0.0024571007134449	-0.0203644019255742	-0.3492684908508398	-9.7331446101975970	1.8269531111326804	0.5427218302080522	-0.0084869910678310	3.2950813862137647	994.7229126322118	
12.1451655630501350	0.2112440581599982	1.8780673218693924	-0.0036312306095193	-0.0144682727410749	-0.4911888862076874	-9.6590601489848200	1.8159639149693650	0.5233639345797062	-0.0118048688134387	3.187279644983613	990.6731658522954	
12.8305347643239980	0.1811261485065632	1.8754255685438080	-0.0545699990138608	-0.1024968532972526	-1.4986015378418430	-10.5188421840641700	1.8116504867372079	0.5204441762189533	0.0081242204347909	3.3256553164258	1009.5115591425194	
8.7201560267353780	0.2325261803151230	1.8703176903825760	-0.1184605183196353	-0.0877366766648113	-2.9139645768968210	-10.1708547541993820	1.8035611425227647	0.5590987758738584	0.0276648854840040	3.062808481180408	991.7738019976119	
11.1781579811681290	0.1454948285608911	1.8570940431427500	-0.0280150248749531	-0.0835756426015065	0.7724078158801868	-11.5740810539181030	1.7896004505021880	0.5150573776442721	0.0528960974889933	3.3250301960470896	952.2028675004506	
10.8915032310951800	0.1801462457573037	1.8782941102446031	0.0591873191692242	-0.1711974529658741	0.5250879138607555	-11.3355528519027150	1.8067119984384580	0.5459443892010343	-0.0410006315668327	3.109384507854675	985.9257126305632	
10.9197326292916180	0.1796037279397471	1.8677002110664007	0.0491144992596857	0.0057678381347974	0.4957404950286619	-9.9700047051378360	1.8087571838978607	0.5002478514537341	-0.0335163894037728	3.0752238909424983	991.4040360714325	
10.6246100886304500	0.1872062545282339	1.8994125243778497	0.0169627050921852	0.1229654559634549	0.3819478215445771	-11.1395076582697340	1.8275314764192936	0.5506314662118245	-0.0059618768942894	3.052307110842063	992.1288039786097	
11.5672718090439160	0.1885323833748424	1.8911159011416634	0.0330877838797980	-0.0080297880565715	0.8293420379015691	-9.7196431798270740	1.8324277310984327	0.5050990418008010	-0.0064946783817839	3.1772433650242404	980.9198498902799	
11.5086769758947090	0.2164213175547189	1.8663996419528979	0.0131361727493171	0.0201303620772055	-0.0827857895920986	-10.0667936995714730	1.7998153009832507	0.5393232867896405	-0.0159262011011999	3.0060753867552363	990.0957219443214	
11.0713373293940440	0.1220433070060967	1.8747016937399419	-0.0108069280074496	0.0002745777651480	-0.5595470959218518	-11.8036822463007190	1.8101138789509770	0.5029496060387420	-0.0068729908970707	3.303636128590387	983.5507731995971	
11.3419304239745170	0.1753863267473930	1.8942773015365226	-0.0338431887955058	0.0475947291339093	-0.4164330861752553	-10.4156159375282030	1.8315538417785953	0.5149743389417553	0.0201041053481941	3.372137344661106	992.1463350156212	
11.3017398056652270	0.1676687715009949	1.8764427176857694	-0.0153445545492221	0.1210348458379155	-0.7679704924326115	-10.7806757347011540	1.8120047001772963	0.5156780628528491	-0.0100323015625696	3.1752887575605855	987.0209193764214	
12.6442728717833400	0.0539402185957344	1.8903658385324296	-0.0308995095712152	0.0675047187152049	-0.6919374078644293	-13.2998858409726650	1.8274960398541558	0.4873780707362984	0.0082565638769333	3.0502333135675226	989.667993623899	
9.5070579084738300	0.1387546281583105	1.8530843664874184	-0.0733775923490158	0.0184102636657533	-2.0246090550665086	-11.7085312617406580	1.7878457903365825	0.5119229151742271	0.0100571422207453	3.214438089019903	990.5740293676625	
11.4088318859424600	0.0674145775704969	1.8647320447371503	0.0102708793723981	0.0283944900744104	0.6259490241772352	-12.8787556787176530	1.8028013440861113	0.4813509570852428	0.0091861186644279	3.201052883741273	997.328024707182	
12.6329405099180300	0.0714018370725809	1.8354149973393220	0.0261900549404396	-0.0033953572328961	0.3384849424911528	-13.1589255679522650	1.7710903043124429	0.4873654126733651	-0.0156984799711571	3.145863857541977	985.3403555477893	
10.6486493263669930	0.0861769690564991	1.8564848243800960	-0.0271367773369590	-0.1103488090159150	-1.3235717105496425	-12.5019771325681360	1.7939580592635147	0.4860396389427537	-0.0133689496025991	3.156462383861653	994.0267934905045	
12.5897723677492370	0.0229295828501699	1.8357729176763940	-0.0366391009763172	0.1871551379700128	-0.4257180728789421	-13.0157044539741720	1.7836677653822741	0.4358638687536399	0.0219632742424743	3.2510063654860417	982.8712475947797	
11.9995179054759780	0.0696061277739942	1.8526795162866365	-0.0901106975883839	0.1430230197769601	-1.4685759111048466	-11.8886184532845180	1.8003184958585547	0.4498916128859984	0.0428624665186992	3.2667228629413607	993.3816557793983	
10.7346367198298620	0.0536985583973867	1.8314801342511620	-0.0981181931246159	0.0334658320672391	-1.8584626011818588	-13.5443853832957350	1.7702203844670800	0.4811588554929594	0.0404492688509969	2.9754773878040446	979.3025764990487	
11.6343198438559250	0.0218763210213513	1.8447819204522848	-0.0556713131945982	-0.0288339230352217	-0.2636510476188833	-14.1840481875325570	1.7834179547390480	0.4732261414955075	0.0477034619448605	2.960337840564205	992.0438050541849	
12.5454749220861180	0.0608206400298809	1.8521028402130300	-0.0000394210027142	-0.1222100409450403	-0.2629043466897222	-11.7142998100589080	1.8011602571075362	0.4356059868809828	-0.0072962279700532	3.453528169451941	979.7398025071147	
11.9895455455203240	-0.0069121994382760	1.8391022037773361	-0.0494134243522725	-0.0008257465225152	-1.2730188099138980	-13.9969788798467470	1.7868252619144650	0.4381178922969070	0.0097250593605697	3.018997554949227	988.9325243648867	
10.8500440914106290	-0.0630152282590754	1.8569937836841157	-0.0721318555704831	0.0215848876664127	-1.2971685152267225	-15.2033370743914900	1.8096961667963010	0.4261899879707378	0.0310115181555066	3.0177727385027437	989.6119932971717	
11.9776981896702600	0.0066597429007547	1.8464334775721674	-0.0191304258994520	0.1032275161184061	0.0274054907609280	-14.1992717411544960	1.7883791486990657	0.4594125571706708	0.0191581648953273	3.0820824700106515	989.8765690148699	
12.7498692927572620	-0.0134773159165224	1.8185781441046630	-0.0004589023766147	-0.0891647209768651	-0.2081664227395445	-14.1003419141239040	1.7670587647885934	0.4299809657384813	-0.0052920447162382	3.1635715364881505	978.1979703979014	
9.4774497294784330	-0.0071217578994872	1.8202012240481305	-0.0502554814354891	0.1308820929681158	-1.2704803970790832	-13.5391427387096140	1.7719643213842569	0.4192267048225169	0.0100121217075868	3.168361668282526	986.3713346125433	
10.5648925937668690	-0.0875473057730597	1.8183675066950347	0.0257261376803816	-0.0439168489902667	1.4950387544655865	-15.2206113591212020	1.7776334633177775	0.3928952182463690	0.0209611994974099	3.1181200296797664	984.2947011860836	
11.0861729950670040	-0.1001739633432473	1.8374052578980435	0.1177375805379517	-0.0705646330817998	2.0911429453361730	-16.2228763201635000	1.7953325164085896	0.4172029611945851	-0.0517483067420727	3.1463784631054863	991.6540372936665	
9.4422983524260410	-0.0513627060537063	1.8031245263428708	0.0859398944797307	0.0967899621059065	1.8087993883530726	-15.1697968799243820	1.7555732821102121	0.4222172715284711	-0.0312550363842528	3.291913019391961	987.9259030837203	
12.1270164109906440	-0.1211844423448625	1.7955130736617826	0.1682499662206295	0.0390505725263548	3.3656524219157850	-16.3795272002137050	1.7636631204930944	0.3900218615428062	-0.0650865794254492	3.3320416158153576	981.0786954904136	
12.0068496394016670	-0.1127026952329243	1.7936839464933603	0.0880982935856903	-0.0025744239276122	1.1133502337749426	-15.4957084017578750	1.7599745074302635	0.3706081356223034	-0.0538948027144882	3.3001170778380544	984.297899939841	
11.0370664535885650	-0.1075586385928651	1.8204025887951116	0.0057019355848537	0.0458483789744503	-0.1777957786167124	-16.4024958799144200	1.7766617611280595	0.4108609031563413	-0.0115439551370489	3.1023190281320807	989.3332580086425	
8.4286342604475040	-0.1593117815005286	1.7985116003571000	0.0016902125232208	0.1465729280687586	0.1723215017899024	-16.0957852427254050	1.7721744385517473	0.3455679997380403	0.0027557327796417	3.403811308373824	1000.6793403608164	
12.8607389860305940	-0.1664337949083228	1.7582874748549110	0.1261219376435312	0.0805529264906112	3.0820117674385150	-16.6483299272153360	1.7365404205003554	0.3442398719908286	-0.0332877451082478	3.3131770934099505	1004.6236613261802	
11.5713080587292300	-0.2110154494004025	1.8091518587476518	0.0233642752941443	-0.0060643568775837	-0.2300026255822500	-17.9201179363288150	1.7862027472094555	0.3558841444882018	-0.0304971936258506	3.134016345069563	988.1307591633571	
9.0256395653082520	-0.2126908279735505	1.7411405517666392	-0.0144844334574866	0.0767497898179804	-0.8716913739465408	-17.5121279856559760	1.7244654838417166	0.3210732098733118	-0.0121818333225029	3.064401340274452	977.2091231461255	
10.0117459931692600	-0.2545408421726950	1.7533262339464644	0.0979375967832428	-0.0777816865375219	1.9055376951208671	-18.6799603196224240	1.7447829219041928	0.3204799632453131	-0.0395075237430145	3.1194019229473877	1006.3906072094039	
8.3599333743673100	-0.1872664528932987	1.7783921913901377	0.1164925204337109	0.0762190749144628	2.1591817986916193	-17.2563837816734240	1.7570371745210245	0.3486521798197766	-0.0507941232008757	3.139294174354984	977.9666132403866	
9.9969860766756270	-0.2064932397405884	1.7660485585506610	0.2217273127541893	0.0860392944682645	4.0319564716414240	-16.7778601576781380	1.7617343863907697	0.3119401381659485	-0.0985660816304104	3.3062101318095056	984.976666885061	
9.1074484083323600	-0.2242800254938273	1.7700232058146780	0.1891085466643379	-0.0271384399969201	3.2850817387777150	-17.7242946983832220	1.7622377280499442	0.3252682899552618	-0.0881161209225158	3.3444481039132183	1002.0654117905676	
9.6827529805002430	-0.2650788827868411	1.7309403520788984	0.1589570535579898	-0.1403448621590090	3.5483483506190243	-18.9445599994017360	1.7297738616691325	0.3113612078698690	-0.0512371657144660	2.9599341248369853	992.7912966946132	
10.2672836993681450	-0.2633860696777842	1.7377169012660953	0.1785959470226057	-0.0378071146237000	2.7500136919462580	-19.0347992398446100	1.7351790921091497	0.3178217245276486	-0.0952451188491634	3.067467352337826	988.8082580812412	
11.1162172007072860	-0.2893611096072691	1.7532524631532830	0.1138430290631510	-0.0620737571427544	1.7452632008938813	-19.2634417765202200	1.7532096133096797	0.3053243230844206	-0.0601447928256621	3.2306894951441496	980.2376990361995	
10.4222938562573530	-0.2923032514696075	1.7600720645916303	0.0193489260470656	0.0102329853957868	-0.1891960293983138	-19.3864378017358340	1.7572312310920980	0.3085000282294945	-0.0252066929936349	3.0902493772606188	1005.0890469399617	
10.3913983705120500	-0.2797999272539493	1.7781459217791230	-0.0371465669398786	-0.0346637140904408	-0.4083985575035184	-19.3908996646202320	1.7703978598179126	0.3264212771211965	0.0247255669536998	3.3095017370945	983.9015545889791	
9.3866718690366930	-0.2945653006330232	1.7376202050029033	-0.0253127486983035	-0.0646536722638362	-0.5449021864225333	-19.2650264455687400	1.7376683658746306	0.2952268466260316	0.0091207284719550	3.2210729210375635	1013.5949539408302	
11.1729141874390700	-0.3393245415592863	1.7419625397534508	0.0316981023160475	-0.0870834624462427	0.3863705604040214	-20.1269648432711180	1.7525211245093957	0.2808392098845811	-0.0194538026842840	2.993454071794967	995.5708692055206	
9.8928352574258810	-0.3497000889411011	1.7592812090968348	-0.0228078812140741	-0.1787151305443133	-0.9217932570747455	-20.2256820149695960	1.7718362285805764	0.2800961151806936	-0.0048238658930397	3.1782743198277896	985.9772692467556	
9.5405394419994800	-0.3643232643545540	1.7292743364186187	-0.0119443076854008	-0.0607767868069619	-0.1823747336305051	-20.3983484812095200	1.7478472926743276	0.2612457664902207	0.0066580037592137	3.228238173575174	980.681303193833	
11.3179698965956630	-0.3323286020695991	1.7618031886430563	-0.0067485745281891	-0.0106331862824705	0.5670713867803039	-19.3649206097400150	1.7721717781195770	0.2706531046653234	0.0243393569359532	3.05961569820496	978.5271892746522	
10.2896834550818020	-0.3724162052073107	1.7357142089081754	-0.0379160730577693	-0.0201052261828738	-1.0892749672828936	-20.1545865698872430	1.7581509349337971	0.2484342508293188	0.0045811034870548	3.1527119781778223	1010.8038509135974	
10.3167851024010470	-0.3971247170622486	1.7365213232925172	-0.0336613193027447	0.0605806885876644	-0.8063649670188221	-21.5440611069818960	1.7613301614581829	0.2683089471223674	0.0085908556235809	3.1763209218856465	990.8443462330705	
9.6042075804358650	-0.4373283438930791	1.7307990324462899	-0.0199405460476315	-0.0781891638385122	-0.4757046384922501	-21.2946051369221080	1.7715556608687775	0.2210857548756086	0.0055340672949912	3.3532836931146606	1008.1997802109548	
9.5264834612699080	-1.9725081694098834	4.6304016231360890	0.0153508171284002	0.0485574176976175	0.5759778117290784	-22.5690559819718800	5.0327365664447720	-0.0442862413776070	0.0352802935206417	3.286328011458812	1005.2473365772671	
10.4836233353369420	-0.4348635908926740	1.7025483269688950	0.0474451561661000	0.0210493224842514	1.2928155735234532	-22.1273763669491470	1.7415795564245273	0.2384552783240596	-0.0082413637112821	3.197902589821746	993.0769708210363	
10.0012854656957660	-0.4992420645427315	1.7212134443672310	0.0212216796090883	0.0669573408796587	0.3909846038140312	-23.2422692683605450	1.7786416936492169	0.2204884746676440	-0.0093422650469484	3.185541870134687	996.9450964722171	
9.8328028517795530	-0.4586357415958309	1.6789374403524826	0.0317825997450728	-0.0635327221493475	0.3828166270403092	-22.3164531449808500	1.7275140248268448	0.2132672555002093	-0.0200044367834660	3.542476415306174	992.9292128140805	
10.8641923473279420	-0.4786119406256439	1.6953799806965342	0.0283584533129125	0.0205370450534645	0.6024121612049393	-22.0471257842951150	1.7512635372586987	0.1927759914415163	-0.0100155240610709	3.365056528726507	962.377292434133	
11.1630607027814950	-0.4427851950502895	1.6777939679952827	-0.0117202581175896	0.0480351525838547	-0.3363218048091850	-22.7745496102212140	1.7184291099541296	0.2412219694871446	0.0014310647861717	3.2474687303790013	988.9888462481101	
8.7857564839909230	-0.4515608134148155	1.6900232062209910	-0.0456767297725763	-0.0253208490881903	-1.2790027118429814	-21.4519265218514650	1.7386779590128145	0.1977941500156284	0.0069569018013550	3.084388843154287	993.4737143215187	
9.6361687421406800	-0.4672995970518529	1.7214727309736600	-0.0092708104335329	0.0869410965326310	0.5838236558507099	-23.0185664084138470	1.7669476315873294	0.2430951890235061	0.0269076405205320	3.339595809859353	989.8206227589394	
10.5335323139911310	-0.4243927337981553	1.6992150969086700	0.0716945394272914	-0.0792102679433092	1.0082521535283597	-22.2214109368588600	1.7345061212172406	0.2498045283764435	-0.0408345210483753	3.269995971062057	989.0176578519582	
11.0453323529563580	-0.4925871485629260	1.6600157221101450	0.0397712248294802	-0.0603740699596517	0.3160682067802859	-22.7501877586815020	1.7215495496449753	0.1877193673705166	-0.0300771364636596	3.3175059964101434	987.2843986555635	
10.4822162453568300	-0.4890833231086960	1.6906516503893427	-0.0258258320379900	-0.1649043239092390	-0.7538410025636829	-22.6513349576846680	1.7487894797645942	0.1997406266026122	0.0033927948337641	3.306723238149393	994.681408866018	
10.1337788606983210	-0.4582314784773887	1.6992649693822885	-0.0640247570529727	0.0341026557748027	-0.9236057570561678	-22.1278170587971200	1.7475160765182722	0.2156094851365822	0.0357324192068922	3.276645869939587	998.8258091737096	
10.1336757777355630	-0.4685570198801499	1.6894134985890583	-0.0462384659862544	-0.0358882973638414	-0.5945289396077096	-22.5080052563129060	1.7404798041679763	0.2138457472998518	0.0283141921273208	3.3247438958595255	975.2042558343803	
8.4290971173513150	-0.5156243827354415	1.6971822549308500	0.0195723110796330	-0.0336368171689177	-0.0756697407927358	-23.0213533285408580	1.7636372363705775	0.1891773221038745	-0.0217904835473055	3.283313785122085	1000.6191745254459	
11.1547577012482520	-0.5965594727957159	1.6463979464648895	0.0990340314520062	0.0324869451127764	1.7217515201598366	-25.1520355543779920	1.7460306700973873	0.1597327772925994	-0.0466849122244657	3.1823052268652243	986.7508995444973	
9.8138695772859950	-0.5352205114297695	1.6558001591219820	0.0186891353214483	0.0849232092923234	0.0929088822764042	-24.4187365058232650	1.7289757632810565	0.1971434442009601	-0.0161777309243168	3.165254562930808	1006.7058585310698	
9.4456901910390860	-0.5842138696920203	1.6245800822909910	0.0354517122182074	-0.0672529419802506	0.3498143110171718	-25.0482407583765760	1.7193205530907150	0.1585763137339562	-0.0247689656368412	3.1203926728428644	1004.6233496079361	
8.1601754415872700	-0.5318306365796980	1.6542331156313062	0.0523151967305203	-0.0023554938027439	0.9564773738977810	-23.2387858402125300	1.7304961179435323	0.1640194356511268	-0.0234247129337250	3.0360001649246295	997.951481322682	
10.5150167568429160	-0.6085110619149426	1.6210922676955342	0.1441205990240207	-0.0855484369708902	2.5911533240834927	-25.6423517587751280	1.7295221473533695	0.1530491232508917	-0.0657701117869326	3.2581328507603042	981.755524040232	
9.9144887468337700	-1.3420015267408312	2.8969561139797670	0.0607822807052915	0.0255852226293192	1.1678012181342479	-25.2405171193556600	3.1932020080988868	0.0214442468056336	0.0042882979588492	3.2566863844129395	988.720071410297	
10.0642415774598700	-1.4781301408435679	2.8557232852498660	0.0244125603221153	-0.0357708534896345	0.6210291441434996	-26.9402735663736000	3.2155776679296215	-0.0239107968794483	0.0104261016149398	3.2070737542534546	987.9124343725096	
9.3137354335041960	-1.3691417329380484	2.8884237256548917	-0.0001287830754964	0.0898599653256559	0.0230200065139646	-25.5351998934331600	3.1964737961707494	0.0096972585456430	0.0013978391267990	3.2134058003378017	999.6744883142707	
10.2826153373708260	-1.3269922466554667	2.8940241077781304	0.0371801971163159	0.0614952884231347	0.5569666640541148	-24.7939338718928600	3.1839515297026826	0.0089469960624492	-0.0062397041388382	3.1283120698152413	984.9727793675482	
11.1813732795256920	-1.3196690380549485	2.9235453633399295	-0.0012431042140838	0.0725188855166548	-0.1693344486035892	-23.3458269840225900	3.2071419645989090	-0.0530952485842550	-0.0081682496158205	3.1026907524496328	981.9419063685605	
10.8930730442477340	-1.2026324911905708	2.9458949090124290	-0.0628002851011981	0.1117154442629323	-1.6064096273072994	-22.0419521532497560	3.1824178048088800	-0.0092314766167089	-0.0264063457577957	3.1377604018060854	1002.3389930886805	
11.2767491269250170	-1.1098523598949959	3.0103240050477520	-0.1076925227594523	-0.2022202348882790	-2.0834751296273497	-19.7584774238233300	3.2100807094578543	-0.0268209256915202	-0.0091122061616242	3.0670649841647806	1000.7582528716606	
11.0894546349823560	-1.0660807600446063	2.9715347991197540	-0.1344670133958841	0.1014783767330996	-2.6719364782439388	-19.6437346920282000	3.1598160696208857	-0.0051162947512222	-0.0128396535082123	3.1170938484123667	962.6151408841479	
10.9611126115853210	-0.9928348176071997	3.0296726382664185	-0.1468698067957775	-0.0178005946893181	-2.5357120475722077	-17.9246800469722500	3.1915555234796440	-0.0122145825810612	0.0056705185387553	3.2229499757318125	988.7255716392933	
12.5293645073300580	-0.9937947166687053	3.0269900718877816	-0.1420682947722806	-0.0392686700150481	-2.2315231503206197	-17.3586167485701740	3.1887451380676435	-0.0454386674432371	0.0178887259547073	3.244343408520284	985.7295412314269	
12.3539108543440900	-0.7347029467819043	3.0999770715398776	-0.1714949326518800	0.0023849747125682	-3.6229395035787120	-12.7333722568539920	3.1901465762398153	-0.0333556566171956	-0.0301495984262192	2.9630111335542297	985.5257625864274	
