10.0000000000000000	0.0000000000000000	3.2000000000000000	-0.0000000000000000	0.0000000000000000	0.0000000000000000	0.0000000000000000	3.2000000000000000	0.0000000000000000	0.0000000000000000	3.2	988.7391860311432	
12.2942048154944780	-0.0159019518544808	3.2406522198865420	0.0151968826600305	-0.0698687975955694	-0.0795185398427249	-0.2985398666156782	3.2406668738092500	0.0010076332566118	-0.0196932790956603	3.1472951176006463	973.0339361806102	
8.8838707451244230	0.0343130254783182	3.1783843987025002	-0.0825852151231338	0.0111466646612383	-2.2911762893953136	0.7025943943527959	3.1793267124311435	-0.0046724555179742	-0.0445523419257686	3.0445749272558955	997.0291861964374	
11.3517969417436150	-0.0526118693827549	3.1790075559170340	-0.0387537583778941	-0.0290519217058518	-0.0830379857560245	-1.0546517415297940	3.1794902165010250	0.0058928787326504	0.0341487967644918	2.9585129187358516	977.5825177326276	
9.1167952260360680	0.0030131388643159	3.1987317574889103	-0.0700022904715414	0.1195923617580653	-1.4528098091371346	-0.0452306995642931	3.1994749476129610	0.0055150737687913	-0.0111310198785869	3.161286947022346	988.6625957447108	
10.0713129214035210	0.0944887906036899	3.1833538173938694	-0.0028732073848235	0.0231487170391336	0.3514016426397540	1.6603734044725806	3.1846775371398700	0.0022207264132279	0.0224046066127097	3.274955033031386	987.5787674290727	
9.8686351428812920	-0.0538175173136404	3.1732424756637530	0.0181226833050416	0.0313282260795784	0.2585894214449979	-0.4252828290771540	3.1736039931696034	-0.0302646600946370	-0.0037829966838036	3.161963934379552	1017.5424070908201	
10.8608432881211920	0.0181865297904180	3.2077568837569967	0.0139463864390951	0.1476085230275703	0.4725589241556581	0.2638208113363879	3.2078125390416594	0.0034483583049248	0.0125020015609415	3.272503543216828	996.765893262042	
10.3022965874181660	-0.0185413071835321	3.1792036912817080	-0.0125702968417208	0.0498023064796138	-0.4963176075125655	-0.3998768512710386	3.1792452733654550	0.0036341465417717	-0.0149729040712894	3.302228066259204	995.8406583276815	
9.5862922006442890	0.0091120952531704	3.1881592667375434	-0.0452118064494803	0.1519136726756992	-0.5497228436790267	0.0788246988717342	3.1884558218368886	0.0047647266363795	0.0146088117699253	2.9670143303689525	986.9588993655753	
9.9493626203903850	-0.0198179356218191	3.1899679943618375	0.0175863513627177	-0.1411428220940632	0.3452430874524927	-0.0522879778048356	3.1900328088520316	-0.0169107490017625	0.0015938617455650	3.172967419529833	1000.9031015477411	
11.3827616097704400	-0.0146630160873791	3.1934758378239616	0.0357924130954318	0.0932397125924853	0.5687310704158938	-0.1530227349220671	3.1937015608156270	-0.0061406470604657	-0.0040817323442385	3.233032602919869	983.2945149206839	
9.9168531777449100	0.0539417005824416	3.1799881662646940	-0.0525146624920628	-0.1163738030580702	-0.9684544509068596	1.3657929839725190	3.1808037342707040	-0.0218671038554663	-0.0012916038060677	3.1987143726888747	1006.3786575081054	
10.6928035012246580	-0.0608537569505722	3.1941556801351116	-0.0001668865689522	0.1446556873457623	-0.3370062376101446	-1.3648401298184811	3.1946446572833560	0.0151970791681572	-0.0186622346247152	3.127843125133887	993.5777981741107	
9.5930199047246880	0.0179354617043140	3.1869305421845655	0.0097167670627762	0.0002159939634347	-0.5545606755993862	-0.0537160971180232	3.1866690045985330	0.0209231203798769	-0.0405617457966363	3.0459725997168254	993.7882231404224	
8.4857384566252120	-0.0451996884138188	3.1660823891689410	0.0120228655252889	0.1220002398906497	0.2228451937147847	-0.9854567373600238	3.1664142870373080	0.0092598362924723	0.0002727850957419	2.9739009612672813	996.8560889298822	
10.2442177008938380	0.0212622211231044	3.2038538269099190	0.1192404071840808	0.0202322872115616	2.1064864587541000	-0.1231835457035730	3.2060186065322020	0.0281498238072445	-0.0014081714328675	3.303785458159413	992.3248786972749	
9.7593186835261410	0.0225784871607698	3.2088529156515850	0.0868084175371287	-0.0607312060858500	1.3175282063737972	0.3177723005211206	3.2100764181388617	0.0047951569102070	-0.0129969189592105	3.241671889262369	994.2982750238922	
8.8914560073282590	0.0225786326540830	3.1724821824747824	0.0451630689175733	-0.1563920780563416	1.1424620883687740	0.6096914264190233	3.1728126365850640	-0.0112301480305664	0.0180707627919900	3.402072714331785	968.7736480033333	
10.6048539287034560	0.0577995204237026	3.2080999458652006	0.0690422887552581	-0.0221226773113718	1.6353583019829787	1.2597358531255347	3.2092587588926027	-0.0127524867215606	0.0225494437093955	3.3260993803463466	1012.8314529064421	
10.0579124898604370	0.0275515883270119	3.1459298276571610	0.0703942122188356	0.0321243633640820	0.2506307090795584	-0.0545938222887192	3.1461799758405538	0.0305173920755255	-0.0566494843498643	3.0936979854889497	987.4494109111353	
11.0320816597987030	0.0098748892913592	3.1798335952342756	0.0030777629778850	0.0389590051895169	0.1921792590944634	0.0446453351552374	3.1798327605648047	0.0074022922695915	0.0075828986523058	3.219815781990805	1002.7017612992996	
10.7160269381427650	0.0231448995577747	3.1893424506915564	-0.0510232248711732	0.0668690221742512	-1.1592441724196858	0.3836235358221810	3.1898054030905847	0.0017745453938074	-0.0135153630278676	3.0542984390781154	995.5505296047882	
9.5200939410540520	-0.0070350228088382	3.2031972137997690	-0.0921545251882067	-0.0433234639773924	-1.7093053092706627	-0.5043010418481282	3.2044585940737160	0.0211610987503854	-0.0034154531131914	3.262444054608183	978.7344169488028	
9.9570697345828410	-0.0364128792871113	3.2167611256717286	-0.0395378961223222	-0.0082066440380565	-0.5742581799616858	-0.8327729331597212	3.2171852741149842	0.0103427073363666	0.0072954138506065	3.146336487732449	983.9456739198351	
9.8696765734386260	-0.0489807162084402	3.1985190431924780	-0.0157134511002908	0.2127946081109875	-0.1827948149151089	-0.8968721187733267	3.1989277215569882	0.0011112944553331	0.0055036396636992	3.2323419083128884	997.330112853846	
11.4121073652355740	0.0293923557523196	3.2333565425551662	-0.0209480956124772	-0.1482724838090194	-0.1255097664072855	1.1838606126843330	3.2333117598580734	-0.0374533922733975	0.0137684981556756	3.0740872752552413	998.2797015177836	
9.3765783565935270	-0.0590414793485393	3.1610535429916164	-0.0774504418921318	0.0315715062181570	-1.4006279893996063	-0.9427169306490555	3.1625455871549420	-0.0070253119542164	0.0001518273802426	3.2927287830493697	993.9986868512963	
12.0980696213296300	-0.0344970225345818	3.1855735868328883	-0.0340137287630892	-0.0563338784526116	-0.1223344594624536	-0.6553212020215804	3.1858251398672968	0.0019127218867049	0.0272135098798147	3.1880750977446386	998.3247598337322	
9.2614811550918110	0.0555366297921254	3.2027076538920265	-0.0912789257398311	0.0694932343469765	-2.3463575437092565	0.6883718062965933	3.2041951867866514	0.0170066330747960	-0.0399556658831735	3.355899399155452	988.0880467032564	
11.6251139261856360	0.0141763037207012	3.2126847197472768	-0.0311987450752008	-0.1018135246854411	-0.1427589463133853	0.3008937847986305	3.2127826286701984	-0.0027367189964055	0.0231889858172400	3.1213176678136287	1007.9071975159825	
9.9426753454030500	0.0630955393567581	3.2323685518161507	-0.0716673703729855	-0.0658501220678127	-1.6442319132881809	0.8692703302964127	3.2336790183601964	0.0140741328213064	-0.0211101595281492	2.976867928581837	995.2995713817575	
8.6750402596204110	-0.0606013136086501	3.1803615825542780	-0.0390051956324003	0.0164195161249192	-0.6807653718839566	-1.0403322330485643	3.1811765352466580	-0.0028476169090589	0.0012095282460708	3.076984912827092	986.0278841910866	
10.7812541658648400	-0.0274997170929041	3.1667429200069575	0.0482503531738914	-0.0374834823607930	1.5632997696830313	-0.8895744697769259	3.1669258284962850	0.0216435129943873	0.0381760079653213	3.229985556083176	986.58460199021	
10.3206323962194020	-0.0980444877090035	3.1875914186716130	0.0212142923707606	0.1102120462710130	0.4869323452042031	-1.2723029221546243	3.1890476600299450	-0.0272314997986993	0.0059403397266559	3.507940591845769	992.2784099723272	
8.5556558827835850	-0.0366682918987166	3.2053861111717366	-0.0049802769608492	-0.0393000417964347	0.2242241589338818	-0.2704147119585584	3.2054794350409903	-0.0215517281132950	0.0175100835711506	2.9953807787386073	990.3066622049223	
12.0734978352701300	-0.0605984630600870	3.1970057600940270	0.0925450751173763	0.0282000220774983	1.8551480451006220	-0.9263460124897183	3.1988876068069920	-0.0088988600394685	0.0110219796201796	3.1248652900017264	995.133891722681	
9.3194394703283140	0.0415697534925162	3.1499928593561150	0.0096527964547747	0.2066526793111334	-0.9733075673939400	0.8847445552008896	3.1496407007917226	-0.0073023016889384	-0.0631376843541728	3.212747069557634	985.4099962801599	
9.0982067095213600	-0.0085296973303717	3.1972278100045712	-0.0140708883453120	-0.0119321444349631	0.3404859155147452	-0.2876800086405739	3.1970902647347383	0.0075166191254563	0.0330719560546720	3.1779582994589415	1006.4626195547144	
11.1135028046499030	-0.0429440179800183	3.1759080744873156	0.0807541574792913	0.0794560297832467	1.4862661596233890	-0.6189202530097742	3.1772126481779800	-0.0086330943362134	0.0016667826005825	3.4346500093462016	995.635026814163	
9.3857767325371950	0.0193616898238642	3.1906541218549940	0.0456419691481655	0.0663503878179108	-0.0440584809724920	0.5654054075051180	3.1906537896366163	-0.0121803981227096	-0.0480814129356456	3.1009921952854724	999.3812910315614	
9.0965035666196390	0.0009442666660731	3.1531198775379807	0.0809060770820575	-0.0446329570966828	0.8621562749667732	0.4854983244689092	3.1538751105068660	-0.0257474803064016	-0.0334738951520254	2.966635552165758	991.6405133942067	
10.4221695830175800	-0.0601873394833520	3.1715664916031954	0.0797382905006303	0.0640520371759597	1.5393906961230284	-1.0952845985807314	3.1731347573535440	0.0004548093069374	0.0055069310514495	3.2051291724920397	1005.4164062055542	
11.6480617654627260	-0.0075816295193298	3.1885112521640050	0.0088673127168157	-0.0864290071591433	0.4174600028358896	0.1406287330521503	3.1884630141061050	-0.0154292409642237	0.0143409106453114	3.158759454636009	991.4135345636957	
9.4284761969074860	-0.0375386878724119	3.1791172424184184	-0.0119264512312143	0.1043520048875528	-0.2499526024209993	-1.1388959557474576	3.1792571075434197	0.0256538382207252	-0.0019897455704661	3.218294714762857	1000.8224790891132	
9.5934693801475400	-0.0270592980327705	3.1827144928787345	-0.0015101462940018	0.1418974347370053	0.4116453599913573	-0.6223264401316976	3.1827276618112750	0.0075714833103240	0.0243584218292603	3.1901048902126274	983.8866499255647	
9.0461919909592150	-0.0324274801358245	3.1809123432280850	0.0489748286345917	-0.0831311204771330	0.5614362746980639	-0.7769082445321908	3.1813867851750017	0.0107319179498323	-0.0177865021720775	3.216104108616964	997.6382395672953	
9.6486406407754350	-0.0588628536100370	3.2434508856976496	0.0576216522443693	-0.0960760909757921	1.2868503209902107	-1.1363485367561363	3.2444562504302605	0.0054463705382963	0.0152549784441021	3.2455533479981766	979.4880454417063	
10.8372507564025400	0.0043365587470707	3.2193416658822422	0.0545799928419789	0.1621327693163026	0.9724586886603250	0.6324441153446778	3.2196560643000187	-0.0311985203179746	0.0001516309002836	3.1027196720583388	991.887315790786	
11.1360918734420340	-0.0211062822540907	3.1567863540393630	0.0122389253023630	0.0079445036750761	-0.4963388545104313	-0.4549894825858212	3.1566299540165352	0.0039568750882452	-0.0395857049625982	3.3082401350875843	982.5422264063976	
9.9613408372073900	0.0725687744441892	3.1967735159974810	-0.0800832979859434	-0.1175100961480154	-1.7277578003701348	1.0793710017239093	3.1985341296358760	0.0123703236181445	-0.0163361828951800	3.3151519642113163	987.8350306450635	
8.9393450027109580	0.0130325100482794	3.2212387031848320	-0.0737281292940115	0.0200202892961033	-1.0274840225646498	0.1237547932635265	3.2220634812706460	0.0060804132149699	0.0159504702273024	3.3459903879473485	996.0071457369443	
9.2481968834503650	-0.0949791779870367	3.2092854841922270	-0.0030274798567653	-0.0661715455678836	0.4078437273508584	-1.8914604020787311	3.2105689062825120	0.0109690430866530	0.0258941506520680	3.334829197643765	999.1409822027407	
9.0080467827664600	0.0629390132540425	3.1841829949303206	0.0481712677402536	-0.1054906555438327	0.9207531166358229	0.4674198077267355	3.1849533735810995	0.0369549916098994	0.0030777163623557	3.130216149311521	982.2193584233952	
8.4825641158316520	-0.0510671108885502	3.1662028771858584	0.0779865254454926	0.0054191186294912	1.5488984228410090	-0.7629019010138524	3.1675531252380233	-0.0089046411627096	0.0076363359121655	3.1332882815747674	991.7943163954766	
8.1820390663447530	0.0155144310972998	3.1981487012264584	0.1028466773725486	-0.0994080846241275	2.3233413818396476	0.0436799896542143	3.1996998799050016	0.0130296178077280	0.0269102094200675	3.0587193055082103	983.9049739634276	
9.7869444652455990	-0.0128357370680978	3.1780914685714254	0.1510456057908408	-0.0481451682179301	2.9481619802241360	-0.5732224455144436	3.1816232380352836	0.0189493667293727	0.0126256277354919	3.4722000463618996	1001.5348960977602	
9.9648726254267570	0.0201600537033733	3.2134489758936370	0.0943194651871171	-0.0585735466333530	1.5236953542238290	0.4014791630195118	3.2148830847402503	-0.0023482862061880	-0.0088400765425658	3.097314366164728	978.8747850469775	
9.8411757592012990	-0.2469892539779938	3.1452300180167496	0.0233794300160454	0.1466480871456523	0.4864593938363913	-6.3848470152725440	3.1532728637045064	0.1043198581544778	0.0031256649753714	3.2541509323622924	999.1512596906616	
10.2272827353014670	-0.5280428784458063	3.1120987565751754	-0.0219379852836103	0.1006492481395206	-0.3439500777528710	-9.9801404669412910	3.1565943639891674	0.0193006844913822	0.0029550232446427	3.0128216110957626	985.1123189732967	
7.9689513920782140	-0.5715071885441291	3.0891410875047670	-0.0483365773458887	-0.0624360754838033	-1.0757050768595460	-10.9587947599859050	3.1418070146455808	0.0261812805512464	-0.0106194656072792	3.1247116540933204	983.662988661239	
8.4981711270171460	-0.5199046704679395	3.1403917049730940	0.0484427736747548	0.0700113055343710	0.8824475354116170	-10.0840905278035270	3.1832788372023093	0.0379892888778746	0.0005365724209471	3.186125160409697	995.036227696495	
9.1378537865488800	-0.5884765935719736	3.1094908874291214	0.0621790680949856	0.1237667641410333	1.6962507527612853	-10.7313276385081680	3.1651398064507754	0.0008824716617273	0.0315236983949776	3.115429976447544	987.535951517064	
8.8628028766271360	-0.6074246859348025	3.1213030240054600	0.0596241522891987	-0.1613023738416539	1.0920758726631610	-11.2975835696974830	3.1803774911298780	0.0158207801399182	0.0010359126490519	3.102186814241024	977.8384120754331	
10.6393070629806790	-0.7232918415243893	3.0876921228309320	0.0899507973552708	-0.0201439710199693	1.0534171023655405	-12.5004926922826300	3.1721685886172675	-0.0378096523412681	-0.0316505123582898	3.1003842466259317	998.4835700595521	
8.2535138789124930	-0.6361903839740022	3.1067364861055010	-0.0339076750830024	-0.0316590300803167	-0.9399970534209258	-11.3997358353435770	3.1713213787499814	-0.0095744303490654	-0.0181265594221537	3.4206956044759056	989.1998399250539	
8.6958163651030610	-0.6960638408671592	3.1345643634685500	0.0121781994722940	0.0913325428468222	0.4434696054362061	-12.0925966199917880	3.2108274052983640	-0.0239313272872142	0.0127119153307614	2.9922325262366485	993.9155672985785	
11.0157101340622980	-0.6402998956462207	3.1298351327963907	0.0500302996207698	0.0382492054324450	1.1861823399763680	-11.5502753406013380	3.1950109319778530	-0.0006429448561800	0.0161144933283905	3.3250011545066944	1002.3701317234078	
10.1807151190594280	-0.7189091599076615	3.1002462086121843	-0.0889888381438772	-0.1512326851856267	-1.3497704592654833	-12.7999019515748120	3.1836894493216565	-0.0142312590537986	0.0139609838934839	3.106840148552571	1004.2806943358528	
8.8259408089756300	-0.6619695465136888	3.1155003513317814	-0.1076119133881858	0.0395876930772853	-1.8775211494459918	-12.0457329202663970	3.1868649831124350	0.0027895090853072	0.0032002521621307	3.2574413961113984	1005.1440604310834	
11.0772763961799790	-0.7269793254520557	3.1047773822253877	-0.0894919507700749	-0.0025119284785048	-0.5918420146864566	-13.1879087530998240	3.1895065823732220	0.0005314744664566	0.0565492758439318	3.299288267623209	987.328852069134	
9.5855528053169050	-0.6775606085343941	3.1105912684433097	-0.1057829446438977	0.0364359850316158	-2.0408234042300486	-11.8911761375879160	3.1852018308377983	-0.0220773359145321	-0.0076378660139745	3.0838381402541835	977.2425637456614	
9.2660918873574760	-0.6275387171851792	3.1398624011267830	-0.0745179947483173	0.1181032387460331	-1.5639578619572880	-11.3954807238595550	3.2027956776742840	0.0051795757937040	-0.0129108552350373	3.0756820912422156	980.1407623731636	
10.3293428356934370	-0.6213312207845165	3.1295178058954680	-0.0408902651488856	-0.0258714283965944	-0.5975763469262897	-11.3760543729029700	3.1908433962864370	0.0081621998375579	0.0076155099209652	2.8783338824351214	989.741688545014	
11.5593496986241680	-0.6313883322779829	3.1483004203073293	-0.0371117465842155	-0.1790740806768755	-1.1630857897378568	-11.5638753630011570	3.2110557113803693	0.0126245087836239	-0.0280336328023033	3.1672725749946995	988.7402391726276	
8.6600775017149890	-0.6807798336645616	3.1091630254198100	-0.1228788107496240	-0.0521690147130228	-2.6473875529943083	-12.5512734758057330	3.1850811653726060	0.0111737645504735	-0.0242532403547894	3.1186397826819485	990.4511679511154	
10.5942059746386230	-0.6896156952348677	3.1085255428465026	-0.0678970552804334	-0.1467484453667570	-0.5154025457679555	-12.5977401236894210	3.1845793162382443	0.0048701828066499	0.0392648400754879	3.4112902883578347	981.7361730697695	
10.0141402841743510	-0.6866544163976119	3.1174046589618816	-0.0649756578809920	0.1394558041820382	-1.1358633388816899	-12.3803341593912680	3.1927918401367780	-0.0023109641492281	0.0016900867917474	3.2021782080302295	1000.7829202917408	
9.3194589985925290	-0.6863968318312698	3.1343131878218950	-0.0449328622621516	0.0105171570040268	-0.7115211029957473	-11.9757812716683700	3.2088328003044570	-0.0210923590007008	0.0050896262499821	3.0719801373531954	981.1893294373647	
10.7364684411410900	-0.5705016090887397	3.1435952826944650	-0.0205054079844279	-0.0963212991972455	0.1195184432590857	-9.7322774310051660	3.1947444177608130	-0.0309288542067384	0.0271177114064524	3.289924766798567	1000.6784648418601	
11.3649912747643400	-0.6127931595277392	3.0806863597644045	-0.0163285294101871	-0.0540536583141787	-0.4966511592354973	-11.6586948744507970	3.1409855225475596	0.0224089400387621	-0.0108770872995045	3.073770627495219	996.9474938222605	
8.8879726014968230	-0.6692376993419122	3.0923549815231577	-0.0789804110682183	-0.0920226499316820	-1.9047672888378244	-12.2970147180252860	3.1648169199383207	0.0047671106312234	-0.0262197107612050	3.1382216782552423	990.9856989224929	
8.8915513838990600	-0.6942647870649346	3.1188793198922600	-0.0464742496188873	0.1404850667764637	0.1561130139608352	-12.7356087971221880	3.1950616710034910	0.0105155530655447	0.0551543662430215	2.9621428812784814	987.9622107251886	
7.1682955231664940	-0.6186118339761856	3.1047543125271300	0.0218497416802303	0.0220323368447351	1.2821916051013167	-11.2848139790252750	3.1654787957631670	0.0009245662235915	0.0489948186419039	3.274215419423268	1007.4653824483916	
10.4991450801793160	-0.6023470568954025	3.1251055938914765	0.1557051513871801	0.0084524415787529	3.6952011973278336	-11.1161101278774250	3.1860235602479494	0.0114749318441219	0.0497317159869480	3.1724954266606957	986.414418071532	
11.0030138146773220	-0.6683952638894347	3.1220698485409195	0.1138016558988868	-0.1258715365752808	1.6282198504280798	-12.3684740149110970	3.1947208038619546	0.0159093685522183	-0.0230013522943281	3.348931530805992	988.9495090161488	
9.5178960177130940	-0.6555949715173679	3.1253084452636433	0.0111140842424596	-0.1452342278132633	-0.3669346242066380	-12.1309454853917020	3.1931543448011810	0.0158975509509346	-0.0315240501008627	3.338448820614757	990.8079053479885	
9.3388868251347630	-0.7047529629152797	3.0887619690708497	0.0108330835710606	0.1910066215245931	0.0634033158861634	-13.0442503646705900	3.1681349462282090	0.0105523778086409	-0.0073624606026260	3.0947470337315557	988.2619880036403	
10.7803329097850170	-0.5962328243013723	3.1112892562023777	-0.0233549797130806	0.0856081349085913	0.5058000049552489	-11.5489403958485720	3.1673373805843843	0.0388104137870086	0.0512595449322800	3.2467189537453263	1005.5388220687478	
8.6574948079532050	-0.5774545921895058	3.1097163013489104	-0.0305816901702718	-0.2204804703584081	-0.9348242463564964	-10.3017806604176860	3.1629318451005310	-0.0119454806084048	-0.0210705821360853	3.3790826928636863	986.707555916079	
12.2640393393396220	-0.7024856104094104	3.1142454045451880	0.0006892324904694	-0.0678087102687124	0.7000933306994013	-12.0679333697457200	3.1920615213222945	-0.0359069590347751	0.0382737768060960	3.2213985018498983	987.2174558793549	
11.5620622262114820	-0.6252408695296710	3.1439915709016053	-0.0896480607167053	0.0294890713191487	-2.1259077512156352	-11.1117071180860080	3.2066693237678234	-0.0076169480478756	-0.0293214551083678	3.2696084326471113	982.2131086093038	
10.5204887667533060	-0.6559195230036900	3.0980594638028944	-0.1811384198268656	0.0103315835415919	-3.2161161808710220	-12.3345611435284750	3.1718388376095740	0.0210282666937726	0.0031920659208302	3.0185819250367443	987.1585971088981	
11.1116721263775700	-0.7088790706676588	3.1150973822901444	-0.1405608487604095	0.0201078590651082	-2.4816484480557737	-12.7222347373457700	3.1978218272740033	-0.0054531710862172	0.0021009809276566	3.114072734682769	988.8352509893208	
10.8727250230863510	-0.6281050067145402	3.1296200961626520	-0.1529705547885837	-0.0876228585852976	-2.5767262272406612	-11.3307992367100390	3.1956767958312478	-0.0009903567556892	0.0093097892862207	3.2589755760697607	990.2055331603792	
7.5247010031206040	-0.6889169586311165	3.1319717508148750	-0.1200258973247386	-0.0980852921796400	-2.1745778507952296	-12.0935530862319640	3.2090422570444420	-0.0174498593417181	-0.0017705176127932	3.1772554822261085	985.6491291565756	
12.5105397504229250	-0.7420906120229557	3.0865557251199370	0.0395692994396499	0.0044183008429492	1.7453462262710826	-13.4363766007528210	3.1742408596844800	-0.0045651552834887	0.0571364528841301	3.3341129303298533	993.3408511356004	
9.3027602167779740	-0.6786796886326599	3.1253337435500916	-0.0444361001514147	-0.2183033397101041	-1.2521266245521356	-11.6360813147903940	3.1981967508539393	-0.0342710826388514	-0.0255877129514724	3.1676861126602724	992.8490963187454	
9.4865822490228560	-0.6418268654143706	3.0980022670709760	0.0202427397013394	0.0892197150482034	0.5314616127841034	-11.8734882517928700	3.1638267530523567	0.0093379121551701	0.0090895831545857	3.2181804177339264	980.1256031310718	
10.5719235767733580	-0.6906818653649980	3.1060578710295927	0.0178945848074320	0.0917764498433395	1.0679422224183120	-12.6121377749473870	3.1817015143629948	0.0042579241024181	0.0414064859285573	3.0697375262475144	994.5603449063628	
9.7155658838100330	-0.6418959264769437	3.1076794056415790	0.0523149950491917	-0.0122811147802127	0.5594689112292406	-11.4564653682822100	3.1736167479551693	-0.0118445964080695	-0.0213300262041722	3.056963429806239	975.2810226383596	
9.4584099487795080	-0.6544426819823855	3.1418232921282865	0.0347231993026144	0.0152774980840529	0.9991590812720229	-11.6207060978843360	3.2093670011056390	-0.0081591037155978	0.0212462883978700	3.3581656520045193	1008.9226380115826	
11.0621387243937920	-0.6821256563425817	3.1243157581747610	0.0457237717072556	0.0974924687679447	1.3914984354610180	-12.8284309076235560	3.1979519457019796	0.0286541682607912	0.0318954971942943	3.206690672545197	992.7560109819614	
9.2276052997404530	-0.7573809654358111	3.0821713601945080	0.0236956694604734	0.0616728865658580	-0.0942358432879403	-13.2885828577780030	3.1736904311847820	-0.0286779708589503	-0.0288847044730075	3.125117852163402	980.6000842151524	
9.3315832471573600	-0.7572018337485122	3.1016016091672920	-0.0013080596005525	0.0250305828583542	0.7698680204044341	-13.6687379010916670	3.1923857426544484	-0.0028039055424825	0.0442072194497261	3.1403420765342993	997.4773502856573	
10.3836392834116840	-0.7196741633952632	3.1130668934601164	0.0640995020148906	0.0261330946835648	1.3401294263035248	-13.2474818820587200	3.1957700868767830	0.0128646743612897	0.0106387382609127	3.129055915579126	999.7456850916783	
10.7703099384017130	-0.7305745053548763	3.0999144209570524	0.0254386011885177	0.0764160524877577	0.5230390513135319	-13.3785173737060980	3.1849332691283270	0.0065241258537455	0.0036269193319298	3.2234637767738743	987.8960180842498	
10.0901401975396450	-0.6656660744101807	3.1143864480895553	-0.0023551324151393	0.1610390053647220	-0.4524049046838697	-12.5799240173982900	3.1845220434091246	0.0285676489310878	-0.0228705441376455	3.2678406135909936	992.1005803672311	
8.9517638908903210	-0.7079808924417427	3.0844337636542820	-0.0029666524953176	0.0516653940876797	-0.2173618554547008	-13.2721940192053580	3.1645746891445770	0.0190371814607652	-0.0090559377033856	3.110820681107683	988.8432567618072	
11.3584501782535160	-0.6554546223751738	3.1255438720326010	0.0303765001453434	-0.0095417183009038	0.8059035074295128	-11.3849486456511570	3.1935407297972630	-0.0255779061215477	0.0145384868198034	3.0756683895660597	985.9660152953759	
10.3795906296987950	-0.8183852192354198	3.0841944454773410	-0.0045920906445345	0.1485650279478971	-0.8023155375434216	-14.5483887218608510	3.1906301682725036	-0.0175061648722722	-0.0400436683336723	3.1778729258170033	1003.4979968924002	
11.1152164779978530	-0.7597710237809705	3.0756275123408283	-0.0509703794150451	-0.1303986070005447	-0.9246011083413525	-14.0737102301693770	3.1684720275485320	0.0109350681833903	-0.0001332255585111	3.2631852824854053	981.1599674602751	
11.1214526666772500	-0.7581972883140624	3.0846069692101117	-0.0932009563778814	-0.0435830288673132	-1.5614918010588954	-13.6525236969437670	3.1777712674974070	-0.0087103711264526	0.0066031567377608	3.162897459914106	998.0092590399138	
9.5986899527775760	-0.7482009966867558	3.1221187842071285	-0.1013578918647592	-0.1259749815000433	-1.8874960157364145	-13.5510593348885070	3.2121124943671510	0.0041868324357151	-0.0044328715207122	3.1918110207124535	994.3062749089102	
8.1101917411126530	-0.6588549486839221	3.1044466661203876	-0.0463097369156556	-0.0045716687510358	-0.4296280565574305	-12.2038895594457750	3.1738251037197310	0.0122849042653792	0.0225128863122476	3.1535341507309034	984.8522010852543	
10.6598791368920370	-0.5891255115726460	3.1265077390004520	0.0838670404954652	-0.2948672726490251	2.0860135652752105	-11.0370029927686420	3.1824073876414120	0.0201539360642588	0.0320971781220490	2.9599228225366048	976.2726680156716	
7.9306939849395500	-0.6984881640550475	3.0901947479847807	0.0244659937559807	0.0480162908305643	0.6304189815519976	-12.9438225634058130	3.1682090758785700	0.0114590274612693	0.0103837786225487	3.179575750004903	986.1329638203988	
10.8159445555124450	-0.6791840361959304	3.0941981640418430	0.1492205543375058	0.1211462344453768	2.8217573658328483	-12.0592681141990400	3.1713179241645504	-0.0177307651055551	0.0069462984041252	3.1616868275938463	1001.991186349693	
10.2879491284670070	-0.7222185811091134	3.1228191099242170	0.0868839604360518	-0.1040965087080434	0.9158179556996490	-13.1716099963606440	3.2062138411388950	0.0084382398594396	-0.0356271776266398	3.2326824769086207	980.6192449582621	
10.0964785239170030	-0.6589076799158500	3.1070742718716850	-0.0073096589004899	0.0284041664382304	0.1258069833664698	-12.1749045701702700	3.1761288058267540	0.0111909316115265	0.0142781140026139	3.355949539872418	983.1167680028236	
9.2658508392185390	-0.6957453830787167	3.1224576948105850	0.0100648944046027	-0.0186357971420725	0.0854703520245127	-12.6971912689254900	3.1990341552124333	0.0075817173609624	-0.0052903121543943	3.2625848661228094	986.2234961905295	
10.8261595567182280	-0.7158202836170650	3.1009921958212320	0.0142245201033417	-0.0537111789176711	0.5566703941967956	-12.6690060973222500	3.1824739474667620	-0.0183032477316963	0.0166786921480836	3.0124082473057627	994.569034835778	
10.1422855543907900	-0.7306957409775352	3.1027945354560935	0.0044090408516810	0.1179975819273939	-0.3743230323710132	-13.5414920552260480	3.1875339277237600	0.0160828373804554	-0.0252673055917952	3.1808515705710714	990.3530366871756	
8.7861459177099400	-0.6660965420189354	3.1418415341245085	-0.0294031973081247	-0.0018833753654453	-0.5375111705175165	-12.8608917089195560	3.2114206977181620	0.0499395391999907	-0.0007221795195892	3.489298395972533	985.9215801124303	
9.1970735327282540	-0.7771108099308210	3.0918433689868263	0.0641386182789572	0.0707349427417433	0.9990405884484467	-14.0104582569357440	3.1886372595705400	-0.0054713233373734	-0.0085371607277868	3.0293634868582977	992.6683296603484	
9.5408499048091180	-0.6846222271008418	3.1251357558186230	0.0335801126469878	-0.0201318053473209	1.1140761382316850	-12.5451989665489730	3.1992777530626446	0.0105229516382744	0.0286327845168863	3.1780895654118693	984.7180465398784	
8.8905690195257500	-0.6693155046157017	3.1419196061899780	0.0466878300340892	0.1409708617316962	0.9889276942640588	-11.6728271335673720	3.2126863139947480	-0.0197694955739465	0.0088104976499689	3.1314457656556067	996.6274582268402	
10.2627924845025650	-0.7257800022096812	3.0967327775023326	0.0861343915571693	-0.0810757569700955	1.6779769310111425	-12.5909782050817580	3.1816305973669756	-0.0332802604667506	0.0069861602648431	3.3634222118258292	985.1515051118082	
9.3030017569764230	-0.6153900710750335	3.1704788587438130	0.0151566913002056	-0.0224610886316391	0.3427135669843740	-11.5309033183912200	3.2295363513407462	0.0307961385419595	0.0041727484925331	3.166100182926838	998.3003125406456	
10.5532318859928940	-0.7115148595110741	3.1189608496590657	0.0392835800200864	0.0289713345564903	0.4484150295281227	-12.4739166388753800	3.1992292503572264	-0.0210459605275091	-0.0142354443018226	3.09972060568501	987.8385310172625	
7.9486108813817650	-0.6782582240588398	3.1318414825375345	-0.0152725820809754	-0.0484420289637494	-0.5949683472202680	-12.2081813366509980	3.2044303724432948	-0.0006318167648022	-0.0180036379733778	2.97054383808252	1002.4548881387925	
9.5900829300167660	-0.8085034091222034	3.1040663441500143	0.0380949447545357	0.0672483252601361	1.4069924217092704	-14.4172893064448450	3.2075845288559965	-0.0101372144049909	0.0406888607689351	3.2727912267683363	989.7514762303582	
11.5571714084398330	-0.7314376440154330	3.1324247828778530	0.0883459915312558	-0.0825753017588870	1.0462000746186517	-12.9702822596378840	3.2177508488646300	-0.0096744195185934	-0.0296132052939802	3.5283042639858224	1000.3809204522521	
9.3967395984710150	-0.7673684510717796	3.0942231204462160	-0.0453755503495969	-0.0700434885283966	-1.5337111117395750	-13.8555274368679400	3.1880270140036657	-0.0040036457632945	-0.0399715921276841	3.030276119329416	990.5645497478495	
10.3305786178650580	-0.7210217665384413	3.1211793763506748	-0.0459304953896556	0.0350872694485830	-0.8534900596592465	-13.3304636595144590	3.2036563197826253	0.0180454289229628	-0.0018013321654922	3.196351202715279	1002.8961378728761	
10.9906848920260500	-0.7641445012783705	3.0870444105525530	-0.0850798699989124	0.0759846587074447	-1.4065840634497717	-13.6909657564823540	3.1813222212401870	-0.0117662067657713	0.0070054877422807	3.2397323939456166	990.8523407701355	
10.8937485457283500	-0.7119885591047386	3.1134336317054703	-0.0967639909411346	-0.1706665319303031	-1.9560405895486186	-12.5273440149681040	3.1951869769804633	-0.0196802875654549	-0.0123622687805343	3.216118564270676	1000.3263613887166	
11.2681575979092350	-0.7005850688694890	3.1374584467337520	-0.1249348387154062	0.0341004715687152	-2.2357097396983990	-12.8429429165216500	3.2171210554801360	0.0143331894610065	-0.0005759296205439	3.2303053650654783	987.5500879776189	
10.1751984169102880	-1.9517382857157310	2.1797876095939380	-0.1610033498660518	0.1363098718963231	-2.7924037647768043	-13.8851555798982600	2.5892376300262950	-1.3715211301053090	0.0381670337647384	3.3709798312970585	976.6961511908878	
8.9233404072743400	-1.9421218728093954	2.2163632047086637	-0.1396239172369950	-0.0101999104375289	-1.8526847869692629	-12.7215516498749340	2.5927964729203560	-1.4063838688570283	0.0555781047376898	3.330812535738524	992.3530763046887	
11.0860313933873960	-1.8684129334518014	2.2802838836571673	-0.0161644340512940	-0.1920069309008656	0.1819769909850199	-11.1615216959972760	2.5987677386053500	-1.3917394736953481	0.0197546710174497	2.9243769905019956	1000.3381668068292	
10.4321902506427050	-1.8955975123147597	2.2554709724158513	-0.0352920430870410	-0.0964569180405492	-0.8657927351301189	-11.5119461254755600	2.5886443336314104	-1.4073261617457522	-0.0061929664642773	3.12067694767118	975.3060901180661	
10.6491714557139900	-1.9497416723045025	2.2113774807534723	-0.0430806787098055	-0.0764439387669353	-0.5859914821143359	-12.5845229240278020	2.5833650452305994	-1.4211072948980672	0.0147646689983482	3.161869339070396	988.3033424986414	
10.6617441866196160	-1.8475016029543692	2.2615551251051920	-0.0496521208557181	0.0802656525135012	-0.5284614991001944	-10.5410525716841740	2.5617202269618353	-1.4025566265255272	0.0279906784114609	3.3167190099460124	987.3128606029256	
11.1055824523625240	-1.8520670750973336	2.2338209288046490	-0.0769670193779995	-0.0785999263963599	-1.0286238258006029	-11.2565271504283850	2.5533467126284590	-1.3804339352047843	0.0292409018613516	3.3577178152108345	982.5977521076336	
9.1679424688347610	-1.8383730269972842	2.2306913528678542	-0.0708676158214109	-0.1511047605266993	-1.2056766796542675	-10.4530066517034910	2.5281367411410930	-1.4031930827978734	0.0139752496750616	3.1031524284993757	976.9485555576082	
10.6479780676856810	-1.8174240960790178	2.2247589840093060	0.0383404106744015	-0.0142293512187518	0.6396819614771592	-10.7096380341620140	2.5240132689279564	-1.3723336238530188	-0.0105029589872585	3.344420608817269	994.7948644655814	
10.9168808363664930	-1.6954026511931540	2.2614909875581906	0.0107085340241705	0.1855632637339096	0.0813906557448838	-8.0810828724137750	2.4773775050449522	-1.3606760320007967	-0.0027825557418633	3.382489367283463	994.2601212398678	
10.6142175004340200	-1.6688222635571324	2.2854847865132530	-0.0019586156491141	-0.0203644019255742	-0.3484891660608684	-7.6852919739556430	2.4880960425092070	-1.3481854263680872	-0.0136540207069011	3.2934061212267833	994.8915054088161	
11.6737833018212970	-1.6225830214738506	2.2913536552875016	-0.0044807162731382	-0.0144682727410749	-0.4908571073525868	-6.5407564030736970	2.4612158244668474	-1.3510095497386383	-0.0169462061212654	3.1854210872483435	990.8601374595293	
12.3591075305702120	-1.6022362143304119	2.2743754435459382	-0.0572672332720255	-0.1024968532972526	-1.4992587842999590	-6.4126334926317600	2.4397593862740425	-1.3381770756865066	-0.0089628074887659	3.323588145973693	1009.7195275390515	
8.2486885911674080	-1.4934458606396421	2.2873299014100086	-0.1217491239481285	-0.0877366766648113	-2.9157650705814010	-5.0872497831267560	2.4138196395965603	-1.2847362308044237	-0.0030050764568934	3.0605468794226023	992.0012770799025	
10.7067211603282640	-1.5371707982671277	2.2464239405774100	-0.0313652890619669	-0.0835756426015065	0.7733347743079839	-5.5213386305439425	2.3832621681878460	-1.3139873140799705	0.0616209487426810	3.3225916181335133	952.4481429393165	
10.4200489091624920	-1.4438433682628908	2.2802775551681380	0.0542069387290331	-0.1711974529658741	0.5256170148835800	-4.3101556486578490	2.3827383021617810	-1.2682822629447716	-0.0361396983601541	3.106790636815792	986.1864989897155	
10.4482741694295150	-1.4034126906455537	2.3052651443569125	0.0488918295129699	0.0057678381347974	0.4962745320278801	-2.4247546156948903	2.3629105961278910	-1.3046294013707580	-0.0282951732726186	3.0725756345326554	991.6701233660871	
10.1531505570400890	-1.3558585090658994	2.3010729352649440	0.0196200723061615	0.1229654559634549	0.3824525502398762	-2.7129988340797966	2.3627490796369095	-1.2454273568291954	-0.0011759204521540	3.049490244460986	992.412012652212	
11.0958169969815930	-1.2880219941929334	2.3429325351687580	0.0333266056648226	-0.0080297880565715	0.8300991630526434	-0.2871715010833658	2.3495950152082010	-1.2762629680419986	0.0005342617220266	3.1742864849865344	981.2170725455187	
11.0372068875566400	-1.2072242423527029	2.3088113073306196	0.0139448439287114	0.0201303620772055	-0.0829027779004967	0.4387183420232511	2.2994773178501760	-1.2248734241098544	-0.0168416880370670	3.0030062902831616	990.4041757461302	
10.5998583200089080	-1.2503257425406504	2.2883459884658803	-0.0106178391399861	0.0002745777651480	-0.5601549274964287	-0.1920337715844708	2.2925179907732356	-1.2426491209160913	-0.0117893241210415	3.3004802487758815	983.8679006563967	
10.8704566319742920	-1.1163237715085554	2.3438154207345110	-0.0327060804464959	0.0475947291339093	-0.4168229761611244	2.3401509283625360	2.2964561949394495	-1.2110817122183828	0.0170061183274565	3.368871648044103	992.4745300440507	
10.8302616826395400	-1.0636928868243076	2.3215494813529016	-0.0136840540693413	0.1210348458379155	-0.7685251841049376	3.1518640172851000	2.2595333066676573	-1.1897612869744900	-0.0141110333659029	3.171924608203657	987.3589848255745	
12.1727919424302780	-1.1258255273846602	2.2935543145880650	-0.0301147947990477	0.0675047187152049	-0.6925269527292796	1.7931680364400935	2.2574014080506100	-1.1970389756541213	0.0042410657056865	3.0467583955514996	990.0172053968921	
9.0355462827699680	-0.9725599787609907	2.2827370902199730	-0.0735265986784774	0.0184102636657533	-2.0268562941693995	4.5684009873863900	2.1992464415482846	-1.1512895645767003	-0.0038889459696751	3.2107961637188533	990.9401139501698	
10.9373707837643470	-0.9803799834594398	2.2818919080958087	0.0109690507439551	0.0283944900744104	0.6268290876732322	4.5945092880047850	2.1960159955461234	-1.1600102818636011	0.0136310510079966	3.197233547174636	997.7119771005723	
12.1614657961594460	-0.9191273077330582	2.2447584714306780	0.0271362721438757	-0.0033953572328961	0.3387459648297401	5.5382332624801550	2.1456979830221660	-1.1314775206425185	-0.0145177850083046	3.1418664171511397	985.7421594621956	
10.1771354573775200	-0.8210629688589597	2.2753578331483295	-0.0296534233353006	-0.1103488090159150	-1.3254789911873928	7.4548895516969020	2.1497064419679788	-1.1092996388923073	-0.0222152589726615	3.1522710083511196	994.448116160266	
12.1182848170371340	-0.8200414340376094	2.2612154612023034	-0.0327794526971439	0.1871551379700128	-0.4259574476371963	8.2238027869826440	2.1208494089970790	-1.1349917426969947	0.0207204344623546	3.246634261659923	983.3106976366631	
11.5279925418950080	-0.6850090961316624	2.2832099688500733	-0.0859918435403959	0.1430230197769601	-1.4707741481566736	10.6639871811375360	2.1185268128876436	-1.0956017934917250	0.0343609366692122	3.262148161605167	993.8414905806358	
10.2631030064724160	-0.6500539223240016	2.2203657671664807	-0.0985622595686230	0.0334658320672391	-1.8608516489680167	10.3412811447808740	2.0697163493077153	-1.0380561081956807	0.0319767195138350	2.9707198790412472	979.7807336221126	
11.1628171245032200	-0.6021514112211758	2.2218503945493620	-0.0566208110926274	-0.0288339230352217	-0.2639003049719310	11.0928915243177800	2.0647233740328987	-1.0184092243000509	0.0465988693678944	2.9554125116987255	992.5388085699681	
12.0739633680265860	-0.4607182420065792	2.2590822810174110	-0.0029319481891872	-0.1222100409450403	-0.2633460463452357	14.9427998690487080	2.0638819050604043	-1.0276369174247932	-0.0087461508420547	3.448409284987749	980.2542744397059	
11.5179992062958760	-0.4737407604290915	2.2116542456513546	-0.0492635593236968	-0.0008257465225152	-1.2752170458315322	14.0474189411799040	2.0311199136167692	-0.9963971197256853	0.0040478375216731	3.013695969186456	989.4653350368479	
10.3784930120066830	-0.4477002277578972	2.2129476173951930	-0.0717456318996312	0.0215848876664127	-1.2993352489772680	14.2564548158289880	2.0356478292334383	-0.9788687449760769	0.0259611712440411	3.0122733091467024	990.1647008928245	
11.5061820936904870	-0.3006678897302426	2.1749183358642500	-0.0167493182427118	0.1032275161184061	0.0276095501760056	16.7485525606115500	1.9960029512910353	-0.9146304901615748	0.0193590330137358	3.076335178954003	990.4542622375445	
12.2783341522402020	-0.2518183300878523	2.1434631186011344	-0.0021136201892905	-0.0891647209768651	-0.2087582457344947	18.3053013349326900	1.9558997553298503	-0.9122860570517156	-0.0064324778667871	3.157536387583146	978.8046248867336	
9.0058724701210400	-0.1597385450734631	2.1301969615004190	-0.0469434570018566	0.1308820929681158	-1.2732310995901366	20.3580833790248300	1.9421308098057928	-0.8908160170696320	0.0058246938445012	3.1620274689494767	987.0080521503678	
10.0934176879794040	-0.1629279927394435	2.1158900654630606	0.0245797084246487	-0.0439168489902667	1.4984830605794675	20.2044672621434530	1.9294033719179090	-0.8836898301675616	0.0252066360280265	3.1114549738875303	984.9647824921944	
10.6147208128651500	-0.0875773453980135	2.0930213561896990	0.1161995118408166	-0.0705646330817998	2.0958621363186367	20.7825352658492050	1.9287235321849565	-0.8244721392532147	-0.0467091365407770	3.1393737113005136	992.3581670610373	
8.9708435828821380	0.0270135251280715	2.0258680095970307	0.0880738235024769	0.0967899621059065	1.8128884231950246	23.4878200254767930	1.8706315881241575	-0.7826904288796340	-0.0275875929927438	3.284502559997988	988.6709044861045	
11.6556435941224290	0.0504102010744012	2.0088224029107336	0.1692824903684749	0.0390505725263548	3.3735180738603567	24.1064306570527620	1.8609671656536704	-0.7744959678315623	-0.0593498148722088	3.3242009326530155	981.8669480540542	
11.5354109958645110	0.1579842654231573	1.9787612364928990	0.0881820930215817	-0.0025744239276122	1.1156865132966802	26.8056131810920350	1.8387408530215260	-0.7513421385156722	-0.0524233442107226	3.2916275062733646	985.1517371370885	
10.5655989188565400	0.2660611315148833	1.9353149411672916	0.0066205006210389	0.0458483789744503	-0.1789206631866850	27.7972065589775100	1.8360330383668289	-0.6671725744152130	-0.0118201611858505	3.0929671747825833	990.273998524493	
7.9572031043452580	0.3222562799513620	1.9067817169629933	0.0043797735929701	0.1465729280687586	0.1722470261505564	30.2888211231644180	1.8090324161563824	-0.6834315228568797	0.0028070251307309	3.3927227395630175	1001.7959038117998	
12.3917007780109430	-0.1212338005267227	1.9541920386268914	0.1243220830434460	0.0805529264906112	3.1660149883416446	19.7162930960950700	1.8028478659013334	-0.7734325426594642	-0.0237025932223469	3.196670597653697	1014.3716034231069	
11.1018212354772400	-0.4291030504962641	2.0966791976136814	0.0232182206433852	-0.0060643568775837	-0.2558070436170102	13.8671706537326480	1.9326024933904580	-0.9191079044035867	-0.0319442330449051	3.014410771995696	997.2509858948397	
8.5569590391792190	-0.5467882933833949	2.0992459553220733	-0.0142592996246298	0.0767497898179804	-0.9066296124851391	13.2689514875273800	1.9176886287639185	-1.0140353817687071	-0.0147279996519896	2.9681486243746646	986.7676133762366	
9.5449610209497810	-0.5455122381543006	2.1223291189040627	0.0954374610593552	-0.0777816865375219	1.9452146022946468	13.2018017995452950	1.9437753383858156	-1.0157550177275712	-0.0308541365465843	3.043051968342192	1014.0285264893107	
7.8933004740718800	-0.3485054804370795	2.1245680605780155	0.1185012597254224	0.0762190749144628	2.2070634590691480	16.9567728851224260	1.9336923993143560	-0.9530425591539868	-0.0427977540828015	3.0750989524140513	984.3956218743607	
9.5307428052644930	-0.2047906633729469	2.0917774916556530	0.2237718240928697	0.0860392944682645	4.1154838249924100	20.6825998446380230	1.8958348151252271	-0.9305196318266707	-0.0865429847188732	3.246595482316307	990.9579283524521	
8.6407326065305980	-0.0276783733256495	2.0147893640603924	0.1892548425765885	-0.0271384399969201	3.3501986677816660	23.7452998872289350	1.8410081648853120	-0.8365948677692544	-0.0822048256934014	3.283244685266954	1008.2161117647782	
9.2163941687731870	1.3644176631048424	2.7724599338411857	0.1618012558854985	-0.1403448621590090	3.6209707386268013	27.3850074270772020	3.0934054276095133	-0.0638082740584043	0.0334761878201013	2.8902462348081346	999.805307941066	
9.8032608582024010	1.7173256325322628	2.4966355994754520	0.1762510982369151	-0.0378071146237000	2.8210229810837064	36.4227130885343160	3.0335845973934568	-0.1004687339348411	-0.0270484437429407	2.9316259280524686	999.2410176505731	
10.6577411716067840	1.2641788634131927	2.5975553116318700	0.1121982606708303	-0.0620737571427544	1.7802941458885466	22.9735005710828980	2.8870403171064325	0.1500956790027514	-0.0223548637183683	2.9302750654492984	990.7039512385261	
9.9681699772320420	1.2554352205930173	1.3013585001239931	0.0216035755672507	0.0102329853957868	-0.7809920940483612	55.7990059683844300	1.7693656135531806	-0.3706465218620739	-0.0456588965571933	1.7019242336367204	1015.419737418163	
9.9452763791729800	1.6095172660250530	0.7265138039293290	-0.0446236654081355	-0.0346637140904408	-1.1048155932250443	70.0701904521333600	1.7613036387942516	-0.1343759023814193	0.0105838214454549	1.8668904159422197	994.4248407297449	
8.9485106520678470	1.8239570516966743	0.5064056036843590	-0.0339860117507393	-0.0646536722638362	-1.2195260013398446	76.6258491388677400	1.8919229754361104	-0.0707672199580184	-0.0063613259667027	1.9346982795912768	1024.275877019978	
10.7541898880187240	2.0379686421459000	0.4405428251460100	0.0175168070563110	-0.0870834624462427	0.4451279054469842	78.9833069041449400	2.0846707388815970	-0.0429766609311756	-0.0013866337448165	1.882885996713277	1006.2709663285274	
9.4682623778304220	2.2357034041410904	0.3870810322244878	-0.0219729702573764	-0.1787151305443133	-1.4289077077919086	80.7462892475536500	2.2686953964842247	-0.0224198616901285	-0.0346813493256721	2.231232421096706	996.6301066464252	
9.1259179155042760	2.3643181955255140	0.3692928014326495	-0.0191606433673192	-0.0607767868069619	-0.3895367869651754	81.7871661497916200	2.3928990347726047	-0.0277641312663215	0.0028627847646151	2.4279481551644446	991.4243694687864	
10.9116531691510040	2.5303746453241054	0.2898772411369449	-0.0109152053488058	-0.0106331862824705	0.6401817588044505	83.6312901118480700	2.5466328536023940	-0.0074107595715426	0.0393699369007179	2.3875534050769645	989.3176744547118	
9.8794715408481920	2.6233954669915000	0.3278951529731914	-0.0382896698454854	-0.0201052261828738	-1.3430372215773870	83.2800878535299000	2.6439129656501060	-0.0186552616458883	-0.0236921436752001	2.590898228344514	1021.4846131733337	
9.9084028263615220	2.5689195258484627	-0.0824400552476153	-0.0359020627977428	0.0605806885876644	-0.9887496060852006	94.8756200652956400	2.5668682124940200	-0.1362071236966155	-0.0082492575363829	2.5370852402815287	1001.6386052683325	
9.1965494389849810	2.5252036538952805	-0.5414315844793100	-0.0205059577131557	-0.0781891638385122	-0.6130690825684697	105.2918507838598400	2.5786653880035084	-0.1437147813795476	-0.0072819602669898	2.71264429089762	1019.0854408773922	
9.1236850491885040	1.7957221372530758	-1.0572756988154350	-0.0009807069275546	0.0485574176976175	0.8065764279657338	127.3895635690314500	2.0685384893071180	-0.2503605464918753	0.0303145893558435	2.1779105924641864	1016.1256533433999	
10.0944747846311210	0.9599485408042625	-1.2731140848026856	0.0310972876088487	0.0210493224842514	2.1139303401758250	152.8538050988676400	1.5709410464778029	-0.2733215317658718	0.0269682030588500	1.5981939181060338	1003.9592520692921	
9.6126546159755130	0.3322047906516012	-0.5571192204173301	0.0196043298521580	0.0669573408796587	0.2622290440872426	-174.2522890690195500	0.5211328330332288	-0.3863490458299799	-0.0167679324982206	0.6091550011675049	1007.8522207174881	
9.4681281723521420	0.1397690185343763	-0.3966737746347004	0.0074395726365091	-0.0635327221493475	0.7414829577083869	-152.7816168160662800	0.2888940354037477	-0.3057200049047216	-0.0040403187019083	0.7753693071757995	1003.9114989101074	
10.5308925926443230	0.0129157311460183	-0.4273565628274158	-0.0049004052125299	0.0205370450534645	1.6162664019716468	-135.7108019342009000	0.2966371131198898	-0.3076553059551543	0.0133827393116769	0.5752446146894585	973.416664429253	
10.7926349113765010	-0.0955089275120250	-0.3502579467276286	0.0346052355179876	0.0480351525838547	-1.5014357758420430	-120.3472601604058700	0.2583906183542139	-0.2540450040301565	-0.0411768269716314	0.452503481303702	999.9751001252711	
8.3421475532687610	-0.2131276885180004	-0.3328861489457203	0.0345980565156290	-0.0253208490881903	-4.4993439898346810	-103.5230779061284600	0.2814673694250998	-0.2737948593242627	-0.0569747333834772	0.27140018743104277	1004.4136422613636	
9.2642875569415860	-0.3803958609139965	-0.1468916123202513	-0.0968290469160444	0.0869410965326310	2.0257797987056607	-92.8611967840403300	0.3835891287485500	-0.1275526899757528	0.1106513112578920	0.5422323165326501	1000.4120425379026	
10.2005849332746480	-0.5802081846841421	-0.0095252948684397	0.0373093304687210	-0.0792102679433092	3.2383115284534660	-84.2419960443635600	0.5775124107196085	-0.0676812589148823	-0.0047872344151399	0.6666014905920468	999.7464131643893	
10.6898594749589700	-0.8170351959237937	0.0555643861118347	0.0620609674036485	-0.0603740699596517	0.7117792557595922	-78.9761838249585400	0.8132921980153298	-0.1016371192123517	-0.0520689226209021	0.9581948750083354	998.0608276538924	
10.0858887103163020	-1.0616935318658650	0.2293137534833515	-0.0039801889092196	-0.1649043239092390	-2.7104782121101590	-73.8700890423733800	1.0825821727558909	-0.0745326511356910	-0.0474817669428013	1.1876024939465912	1005.4463391509368	
9.7483158820496700	-1.2156027231832012	0.4495322100603133	-0.0797548095051189	0.0341026557748027	-2.6959027409626373	-66.4475839414903000	1.2962835945803224	-0.0736449980302177	0.0188487351928258	1.371558606882543	1009.6930252593052	
