10.0000000000000000	0.0000000000000000	3.2000000000000000	-0.0000000000000000	0.0000000000000000	0.0000000000000000	0.0000000000000000	3.2000000000000000	0.0000000000000000	0.0000000000000000	3.2	988.7391860311432	
12.2942048154944780	-0.0159019518544808	3.2406522198865420	0.0151968826600305	-0.0698687975955694	-0.0795185398427249	-0.2985398666156782	3.2406668738092500	0.0010076332566118	-0.0196932790956603	3.1472951176006463	973.0339361806102	
8.8532208778495250	0.0343887968019476	3.1850759558566017	0.0195891006550561	0.0111466646612383	0.1323500150966214	0.7025943943527959	3.1852949239840647	-0.0046724555179742	-0.0122303796584250	3.050379602161443	996.4323650411453	
11.2136071249557110	-0.0527278838226950	3.1888057769271043	0.0026663004343841	-0.0290519217058518	0.0976701435434135	-1.0528342507210553	3.1892361861124470	0.0058719736608069	0.0027732598794194	2.968104605813756	976.6079207714854	
8.9532484359090730	0.0030200844623523	3.2085461702081686	-0.0084705468827849	0.1195923617580653	-0.0645985597104092	-0.0446211509592637	3.2085503560988480	0.0055289717719756	0.0048415164214718	3.1703223795539888	987.755054896122	
9.8513895185294000	0.0947826310147011	3.1932625175225080	0.0034046919461628	0.0231487170391336	0.0420079991779670	1.6601500929702344	3.1946697387880407	0.0022303093292828	-0.0010633323775195	3.284860912508017	986.5795472642557	
9.6663778651618020	-0.0537163518412540	3.1810825602268684	-0.0003000210257007	0.0313282260795784	-0.0765882706496620	-0.4216061675083583	3.1813892611678054	-0.0303095374158275	-0.0039360278303028	3.1697491983942334	1016.763880291	
10.6755735369763050	0.0184234496362998	3.2137787929621053	0.0010467702184670	0.1476085230275703	0.2790356785544885	0.2676848337229371	3.2137967779463525	0.0034462018584113	0.0145959950587252	3.2784901637643205	996.1674693715727	
10.1268350645954240	-0.0183341205460894	3.1839769385016314	-0.0199577761283060	0.0498023064796138	-0.6064136689499926	-0.3954039241394874	3.1840605375769990	0.0036271397131440	-0.0137453489144500	3.3070385391299384	995.3591319065271	
9.4164486138479420	0.0093867068119895	3.1918457182072526	-0.0494576138105032	0.1519136726756992	-0.6128575979894850	0.0837996894040677	3.1922024480552870	0.0047589542879990	0.0153015571263212	2.970761154785748	986.5842367437356	
9.7827334320171800	-0.0195299633850166	3.1928583503415410	0.0151550210634890	-0.1411428220940632	0.3082810147075995	-0.0470322331758576	3.1929086309183075	-0.0169139796959965	0.0019827700775844	3.1758445631297123	1000.6155193411136	
11.2179932532103600	-0.0143715321654544	3.1957297411475460	0.0343882279805469	0.0932397125924853	0.5472722897982155	-0.1476602217960034	3.1959388460076460	-0.0061418731406669	-0.0038522187145850	3.2352699593334355	983.070786401482	
9.7531713477202760	0.0542825966029008	3.1817418789979200	-0.0533296699384692	-0.1163738030580702	-0.9800046187260796	1.3711754782955656	3.1825763997666505	-0.0218673331538227	-0.0011480191643542	3.2004861000939946	1006.2013909585107	
10.5297285986734610	-0.0606308769664074	3.1955340378412522	-0.0006233849180381	0.1446556873457623	-0.3437712401452272	-1.3604608399979505	3.1960189835982282	0.0152086204877665	-0.0185912128462325	3.129217661211651	993.4403655426236	
9.4302953028342650	0.0179325634651695	3.1880040397131784	0.0094556667628999	0.0002159939634347	-0.5582649076316941	-0.0549007856611411	3.1877419351616270	0.0209871458104702	-0.0405171348523229	3.0470454620690806	993.6809300841129	
8.3232080141564100	-0.0455316483709757	3.1669115656986135	0.0118761270717400	0.1220002398906497	0.2205150165541260	-0.9924012909950126	3.1672473814959488	0.0093261156735143	0.0002938141389239	2.9747341367520184	996.7727794840181	
10.0817975021215140	0.0135575331766394	3.2045362171916000	0.1191542523445143	0.0202322872115616	2.1047311827931683	-0.2947797201376086	3.2066383221953667	0.0300437328664722	-0.0013980678791789	3.3044057767216772	992.2629071309585	
9.5969724662404660	0.0099444248696698	3.2093991444404595	0.0867529661706811	-0.0607312060858500	1.3165240242904765	0.0782201641494413	3.2105557314326430	0.0055767147791990	-0.0129858645392065	3.242151250466919	994.2503436945141	
8.7291520772530010	0.0085270409551045	3.1729239236750493	0.0451296264436620	-0.1563920780563416	1.1418192804794371	0.3521334566872946	3.1731856788805617	-0.0110228152485537	0.0180766128234585	3.4024457607312595	968.7363437737836	
10.4425719252733950	0.0433541634864606	3.2086186996160770	0.0690186670144111	-0.0221226773113718	1.6348375675183062	1.0015316822026374	3.2095492022532133	-0.0127450487017354	0.0225521942030723	3.326389830889572	1012.8024085703811	
9.8956538977983270	0.0134360624006855	3.1462490568973020	0.0703786070835520	0.0321243633640820	0.2503973748972292	-0.3113437600146021	3.1464071223959060	0.0305006594998227	-0.0566456886392031	3.0939251037186892	987.4266962556001	
10.8698343960504290	-0.0039106088757215	3.1800232689899280	0.0030701185947283	0.0389590051895169	0.1920576034858417	-0.2015471376857017	3.1800097760355364	0.0072807953999391	0.0075844672928162	3.2199927953719065	1002.6840597522264	
10.5537867333715680	0.0101328501151807	3.1895482584579150	-0.0510277677667791	0.0668690221742512	-1.1592539308167162	0.1531003068825199	3.1899434842014570	0.0015942471873291	-0.0135139462485507	3.0544365131608773	995.536721493701	
9.3578560462427060	-0.0150363088668851	3.2032575574823965	-0.0921574941644900	-0.0433234639773924	-1.7092830312566936	-0.6247541746793810	3.2045546657705310	0.0198948568377202	-0.0034150611757416	3.262540356325272	978.7248097791213	
9.7948293988538960	-0.0413434567065896	3.2167737261215725	-0.0395392808250282	-0.0082066440380565	-0.5742723445978801	-0.9121592679443746	3.2172589576334450	0.0098701992825690	0.0072951970606994	3.146410194897346	983.938305567989	
9.7074368762691420	-0.0527098175342699	3.1985177243061240	-0.0157137063111329	0.2127946081109875	-0.1828068407540629	-0.9603835542121499	3.1989857337768610	0.0009286140935794	0.0055037168294311	3.23239990830118	997.3243116318587	
11.2498683367100210	0.0266134036121648	3.2334278605239355	-0.0209493386053562	-0.1482724838090194	-0.1255198899452751	1.1382510512911532	3.2333566265502460	-0.0376593964935969	0.0137685384689946	3.074132148443246	998.2752148485663	
9.2143405694040810	-0.0610036301141351	3.1610513511880076	-0.0774506436325489	0.0315715062181570	-1.4006133029376022	-0.9756223091070639	3.1625803130655643	-0.0071714864679252	0.0001520713174051	3.292763512962446	993.9952142602341	
11.9358322837182430	-0.0359038631204971	3.1855847984740504	-0.0340134251850482	-0.0563338784526116	-0.1223293549621787	-0.6786340256123920	3.1858519575229787	0.0018023522613454	0.0272133243482415	3.1881019189072117	998.3220780681639	
9.0992405188993750	0.0545763428881007	3.2027442611137060	-0.0912798728947106	0.0694932343469765	-2.3463574544635100	0.6727759888106102	3.2042157764706336	0.0169178725739845	-0.0399554489370112	3.3559199907135877	988.0859877348582	
11.4628731882487570	0.0130165257151905	3.2127060208264220	-0.0311990685674008	-0.1018135246854411	-0.1427672371173862	0.2788951344680287	3.2127990863839004	-0.0026630682992296	0.0231889342903149	3.121334117037018	1007.9055517446122	
9.7804357846513720	0.0654130913356169	3.2323272742515146	-0.0716685072460923	-0.0658501220678127	-1.6442277353574433	0.9265039212494479	3.2336876728854140	0.0131625973493336	-0.0211100824045236	2.976876666906618	995.2987059292357	
8.5128001047419600	-0.0579181911391079	3.1804176317358960	-0.0390053390620425	0.0164195161249192	-0.6807664081332854	-0.9943181147250215	3.1811827033821816	-0.0027185288604744	0.0012095038672367	3.0769910926745307	986.0272673775343	
10.6190158122241730	-0.0258801309939254	3.1667616340303115	0.0482510136293193	-0.0374834823607930	1.5633061448575320	-0.8646627367263395	3.1669292342556483	0.0218863017383183	0.0381759515401932	3.2299889881042256	986.5842614142736	
10.1583928719071790	-0.0968634172912055	3.1876293129280480	0.0212142328175176	0.1102120462710130	0.4869324117497167	-1.2520321500982812	3.1890498999662940	-0.0271781171650917	0.0059403193378749	3.507942839734519	992.2781859786922	
8.3934155294521000	-0.0315676091589438	3.2054359637989460	-0.0049812587271628	-0.0393000417964347	0.2242202161547352	-0.1608844121296710	3.2054679285118093	-0.0225787676414312	0.0175100952653174	2.995369538102967	990.3078128578404	
11.9112589801006210	-0.0522149949222496	3.1971403530885340	0.0925454393647437	0.0282000220774983	1.8551601727142166	-0.7655367663213647	3.1988726105261640	-0.0094887508730961	0.0110220969608465	3.1248504143240052	995.1353913507638	
9.1571993496493480	0.0457931521131840	3.1499153910710316	0.0096484295622397	0.2066526793111334	-0.9733153964205206	0.9393476539049608	3.1496243765091636	-0.0060803988757800	-0.0631378771295361	3.2127308388733784	985.4116287084158	
8.9359670904870490	-0.0094283278537170	3.1972141074637506	-0.0140708000910196	-0.0119321444349631	0.3404868289543539	-0.3221532962899613	3.1970765098963243	0.0085416094522635	0.0330720504905428	3.1779445655280156	1006.4639950385558	
10.9512668634031860	-0.0500447750158602	3.1757891325069390	0.0807534397518011	0.0794560297832467	1.4862917975788172	-0.7715521918809013	3.1772010524534253	-0.0072736487860220	0.0016667361804505	3.434638429739995	995.6361863866184	
9.2235381386897530	0.0033029308262360	3.1907076585862115	0.0456401686094610	0.0663503878179108	-0.0440515963532220	0.2416860731467901	3.1906571710854985	-0.0102118450685988	-0.0480815112535529	3.1009953265110513	999.3809528866732	
8.9342656598517960	-0.0061306225223300	3.1531195956410560	0.0809042445649954	-0.0446329570966828	0.8621685324370372	0.4085364869272574	3.1538561401566280	-0.0285869190865163	-0.0334738851978617	2.966617014746518	991.6424104292305	
10.2599298832395970	-0.0553336986058747	3.1716399984896340	0.0797407751183045	0.0640520371759597	1.5393952649372642	-0.9644210401934894	3.1731193822700856	-0.0019361584250784	0.0055069582948479	3.2051138097812872	1005.4179437139	
11.4858248345565400	0.0058276268800834	3.1885299445440540	0.0088659793597895	-0.0864290071591433	0.4174772641437270	0.4102745019942112	3.1884698889945480	-0.0170258974393598	0.0143408462318601	3.158765953092801	991.4128470748515	
9.2825983633482650	-0.0201262018395945	3.1752507707788010	-0.0665238262704306	0.1043520048875528	-1.5472993458156266	-0.8155509171615770	3.1758541022096094	0.0250359051708346	-0.0192838202695147	3.2149866374079332	1001.1627796224942	
9.5133332319346720	-0.0055434266787979	3.1787964854079680	-0.0510459209747650	0.1418974347370053	-0.3338796570363171	-0.2181764991926636	3.1790380342766280	0.0066416393607540	0.0325050229772723	3.186448299214104	984.2556126790294	
9.0038791000181500	-0.0094413595306128	3.1782412531825510	0.0205028665158056	-0.0831311204771330	0.1330795913421018	-0.3608616170642148	3.1782767286342350	0.0105949946796842	-0.0131054395708981	3.213001132384062	997.9492452213719	
9.6280896561602400	-0.0316798659575382	3.2413846465488065	0.0409739535164239	-0.0960760909757921	1.0413518488440765	-0.6405428978219304	3.2417455355275595	0.0045285895858426	0.0179521703336021	3.2428510770657284	979.7591169319765	
10.8291960667075800	0.0337918184680399	3.2172569298791176	0.0450866296288893	0.1621327693163026	0.8314482986080239	1.1649725976703510	3.2175944546571005	-0.0316212159021085	0.0016935426251463	3.1006561508624615	992.0934767550779	
11.1352063139843530	0.0091276863522376	3.1554183895707580	0.0068745819281928	0.0079445036750761	-0.5780130959565911	0.0980867869233113	3.1551994740768396	0.0037204299332555	-0.0387069110430617	3.3068041442228013	982.6852744003671	
9.9645808710643640	0.1132476164836421	3.1943941180617500	-0.0832132230090838	-0.1175100961480154	-1.7752956112395661	1.8551709681183057	3.1974296641987980	0.0098080354476676	-0.0158300212416695	3.3140464839691437	987.9454771887713	
8.9449729009993940	0.0645505778903161	3.2196887352755197	-0.0755480844959241	0.0200202892961033	-1.0548640381152970	1.0767352276740996	3.2211782783356955	0.0040421771761832	0.0162481450944974	3.3451060331407434	996.0956660304392	
9.2552054952319410	-0.0375729159650365	3.2097465000847714	-0.0040760976344509	-0.0661715455678836	0.3923581004678741	-0.8485178909725035	3.2098477635426850	0.0099338852553742	0.0260688740883746	3.334109111465938	999.2130964767233	
9.0158469239381240	0.1244219594475578	3.1818088137965748	0.0475752589672530	-0.1054906555438327	0.9119990248783146	1.5909857705810130	3.1843906012644996	0.0360272841419288	0.0031765055980592	3.1296534714939668	982.2756356550552	
8.4908175197042760	0.0161173283655140	3.1661613246712346	0.0776488142421642	0.0054191186294912	1.5440147887907627	0.4770426609086417	3.1671284360398440	-0.0102435468561354	0.0076928438419460	3.1328633515044104	991.8367853152945	
8.1905516285981470	0.0861707365100840	3.1966947296292260	0.1026531048391229	-0.0994080846241275	2.3207109012321100	1.3166098385694598	3.1993646725769280	0.0126503117655119	0.0269427482271510	3.0583842129960384	983.9384946962349	
9.7956022382038430	0.0560583418818440	3.1773705958149647	0.1509391135969159	-0.0481451682179301	2.9468039796287244	0.6608741014983026	3.1813633868160385	0.0193956522400031	0.0126438347854017	3.471940178305408	1001.5608812196847	
9.9736081592857070	0.0845452961178366	3.2122150461098440	0.0942629407927715	-0.0585735466333530	1.5229027536427153	1.5275629321713111	3.2146974490563520	-0.0011064504912246	-0.0088316677313505	3.0971283755817804	978.8933486153675	
9.8495805371142340	0.0789935655135471	3.1900694850476540	0.0239957567565361	0.1466480871456523	0.4906126708861612	0.7963693321249370	3.1909477528356387	0.0346561388972949	0.0032388079573141	3.291059304147587	995.3837707775484	
10.2353667024969970	-0.0100313502563217	3.1943198449423322	-0.0217016553319884	0.1006492481395206	-0.3358254962491927	0.0651277502186122	3.1943787080114630	-0.0136570524686743	0.0030027229980536	3.0504357107723497	981.3338845710672	
7.9768859537402740	0.0360149852463505	3.1725170913358793	-0.0482057036020798	-0.0624360754838033	-1.0613578052029122	0.4640779302929817	3.1730533187213243	0.0103291998735870	-0.0105597358818858	3.155921780893371	980.5383582536646	
8.5055638202548830	0.1401693429215679	3.2047969282497846	0.0487779122326313	0.0700113055343710	0.8771503674329189	1.9518336651171626	3.2080824506235000	0.0309351489391144	0.0002954618880289	3.210918548461445	992.5558663543759	
9.1451221151498960	0.0844959957180674	3.1829753727541856	0.0622470991889518	0.1237667641410333	1.6862360461789005	1.5585528631354606	3.1845488459652307	-0.0020395009625942	0.0314799349874889	3.1348375270616	985.5950475656184	
8.8701898793467660	0.0772672662858588	3.1940747766269344	0.0594611495467081	-0.1613023738416539	1.0848975795251208	1.1305487861029027	3.1955306155503367	0.0142284817729737	0.0010829663108704	3.1173393704606096	976.3230996333873	
10.6468145981919750	-0.0393731389239841	3.1828630346032460	0.0898059027079979	-0.0201439710199693	1.0473216414354170	-0.0163279947248089	3.1839838840862584	-0.0384549766425138	-0.0316272338992002	3.1121994172422616	997.3020405126531	
8.2612407262262980	0.0534099085775108	3.1799968956426420	-0.0340758346836205	-0.0316590300803167	-0.9386304743354382	1.1480842745868647	3.1805601019368050	-0.0103068889845378	-0.0180344988198332	3.429933205783101	988.2759676063715	
8.7035275927483510	0.0036045262525152	3.2181288827827594	0.0121708739816767	0.0913325428468222	0.4416718081250798	0.4997316961848660	3.2180361235628830	-0.0244434841822365	0.0126748770801801	2.999440909220574	993.1946954721265	
11.0234490584876120	0.0590397814047531	3.1997335384578656	0.0500270479406839	0.0382492054324450	1.1840158125597533	1.0757095681787685	3.2006284412792207	-0.0010302912587861	0.0161132808744885	3.330618663779337	1001.808380793271	
10.1885498975214440	-0.0225860844065404	3.1868256505034456	-0.0890419359482211	-0.1512326851856267	-1.3480041183759812	-0.1448658033616225	3.1880853106913674	-0.0145655225480791	0.0140079113276513	3.11123534992943	1003.8411081988817	
8.8337815344075510	0.0379447522668727	3.1882525662249990	-0.1075986350548666	0.0395876930772853	-1.8752124683663711	0.6376405845869908	3.1902907964017510	0.0024635167542872	0.0032034372225940	3.2608672097453497	1004.8014791021518	
11.0850716160298300	-0.0248281324293997	3.1913270002627310	-0.0894509454840897	-0.0025119284785048	-0.5909573413802474	-0.4425226537920763	3.1921764148407060	-0.0001819735946247	0.0565299375039151	3.301958017598107	987.0618688223855	
9.5933436925150300	0.0260729057625363	3.1855102567883993	-0.1057629149248644	0.0364359850316158	-2.0389618153128280	0.8690001914844823	3.1872853721630110	-0.0222474582085791	-0.0076284789671091	3.0859215811453193	977.0342096131402	
9.2738452208783160	0.0816234230759242	3.2025446659337860	-0.0744859503689898	0.1181032387460331	-1.5627802176775656	1.3674359951737705	3.2044202929823670	0.0051480449967323	-0.0129213332694207	3.0773066597679426	979.9783008423553	
10.3370630832494990	0.0853302210178526	3.1907275614618023	-0.0408638211424740	-0.0258714283965944	-0.5970212374091044	1.3849296020838706	3.1921103711698760	0.0081844393745096	0.0076067858614013	2.879600813242549	989.6149910566701	
11.5670545628076860	0.0794052052051861	3.2109943328404940	-0.0370978647854480	-0.1790740806768755	-1.1624922422355126	1.1918800939587050	3.2120428441344573	0.0126846741888639	-0.0280340900411192	3.168259707744047	988.6415258972188	
8.6677734329678260	0.0161781345729176	3.1835358019238620	-0.1228646058523011	-0.0521690147130228	-2.6464976193860035	0.0607111000873866	3.1858287781645590	0.0128269106244296	-0.0242510231300278	3.1193878163531195	990.3764066719201	
10.6018776636299650	0.0032970911246327	3.1846827306992390	-0.0678768983148612	-0.1467484453667570	-0.5151216024705154	-0.0416829626928934	3.1851610244776620	0.0055134346603028	0.0392567132519771	3.411871960706195	981.6780022458277	
10.0218027248441080	0.0068002973642403	3.1925777513059317	-0.0649684833143791	0.1394558041820382	-1.1355716473612930	0.1604312175635966	3.1932448124915110	-0.0021349979453926	0.0016897579353470	3.202631186846836	1000.7376230562675	
9.3271128818639130	0.0106933141985806	3.2089271489968167	-0.0449251028974298	0.0105171570040268	-0.7113331465591053	0.5682182997745185	3.2091858332123560	-0.0211295860842946	0.0050880161905723	3.0723331673707444	981.1540261465748	
10.7441151894572150	0.1265250929731678	3.1927142053373450	-0.0205006724674731	-0.0963212991972455	0.1195646428845271	2.8261881627925143	3.1950196690900790	-0.0310953160770944	0.0271158465098599	3.2902000098075863	1000.6509397089335	
11.3726358416714120	0.0751084473666829	3.1403464241201355	-0.0163267362187218	-0.0540536583141787	-0.4965628427903189	0.9779549872805672	3.1411944469333655	0.0215092690182264	-0.0108766983410534	3.0739796611383308	996.9266013836799	
8.8956156151641110	0.0235315177894651	3.1640189539215860	-0.0789787337439984	-0.0920226499316820	-1.9046311192854328	0.3407948047429196	3.1649798203528237	0.0047537718140924	-0.0262193039815918	3.1383845746530614	990.9694088810426	
8.8991903105854480	0.0041411784834159	3.1953419474014890	-0.0464716255342278	0.1404850667764637	0.1561369959605943	-0.1155320410278733	3.1951885966215405	0.0107195625891996	0.0551529252182533	2.9622697988534927	987.9495181633837	
7.1759322503399600	0.0732642963517849	3.1650326074190573	0.0218506725218049	0.0220323368447351	1.2821601085363667	1.3029217914818227	3.1655764724610270	0.0012966847535088	0.0489941899138144	3.2743131190380903	1007.4556147786056	
10.5067851016399660	0.0767448804416999	3.1816473372864325	0.1556982601049977	0.0084524415787529	3.6952000605299600	1.0980619134728462	3.1859519030722900	0.0157662351384028	0.0497332974494245	3.1724267474802104	986.421583789098	
11.0106575669817200	0.0007791890661048	3.1927449046565877	0.1138023849678278	-0.1258715365752808	1.6282035959077186	-0.3008231711661795	3.1946413008559396	0.0175927187465074	-0.0230015495813761	3.3488525065708066	988.9574593167503	
9.5255417090830360	0.0116113024950065	3.1932474909058257	0.0111130070683432	-0.1452342278132633	-0.3669730810967554	-0.0786410499984014	3.1930918718999280	0.0160741266147023	-0.0315242685604916	3.3383863601205963	990.8141526381138	
9.3465342412701560	-0.0434038518154275	3.1677955928152888	0.0108324814951835	0.1910066215245931	0.0633847490834513	-0.9721628153888906	3.1680860710129073	0.0103247190339565	-0.0073621802880973	3.094698162348993	988.2668755251705	
10.7879813351175250	0.0690812341190001	3.1671071736232976	-0.0233552245839949	0.0856081349085913	0.5057948653993648	0.5557497022789993	3.1672986449785236	0.0384352289340816	0.0512597242766638	3.2466802312192935	1005.5426956293339	
8.6651435017073940	0.0890905083330550	3.1615923013684952	-0.0305835439839938	-0.2204804703584081	-0.9348394733063475	1.8396277113316506	3.1629007905290650	-0.0123679946832172	-0.0210706878941006	3.3790516562157276	986.7106613732255	
12.2716886159540250	-0.0299224628903697	3.1923325731259500	0.0006882115161619	-0.0678087102687124	0.7000945493870655	0.1152181078117664	3.1920360511189503	-0.0363872946187929	0.0382739860575319	3.221373057969217	987.2200028996893	
11.5697113119330370	0.0548132856561132	3.2050698748390367	-0.0896477583332401	0.0294890713191487	-2.1259273420067040	1.1270990441176003	3.2066471861465100	-0.0082571640542959	-0.0293217032206759	3.2695863431663374	982.2153223714351	
10.5281353895056710	-1.5375901764129656	5.0759223796622300	-0.1794862989016779	0.0103315835415919	-3.2161604876372910	0.0611955423756079	5.0763548921533460	-1.5430297017521741	-0.1052009261952985	3.018543484382655	987.1624844817636	
11.1193169480193510	-1.5831703788016698	5.0938748846167200	-0.1380080816084228	0.0201078590651082	-2.4816914761212274	-0.0346719407595704	5.0960293632071130	-1.5801165201526373	-0.0821737859958615	3.113967630443192	988.8459143738601	
10.8803601758113690	-1.4255040503658294	5.1314090901951800	-0.1555468549786771	-0.0876228585852976	-2.5768467393470590	1.8219836611238807	5.0853449393199410	-1.5878189507991216	-0.0755890220673525	3.2588221681930745	990.2210177352657	
7.5323344935511750	-1.4861675600894355	5.1280747541295170	-0.1224095735612198	-0.0980852921796400	-2.1747075220849594	1.4326346313500955	5.0902947658655440	-1.6137894323166004	-0.0735640472462063	3.177033515015184	985.6715332043193	
12.5181768602904030	-1.5720102473634472	5.0602800348099010	0.0400664991421697	0.0044183008429492	1.7455372399814790	0.4493655327466843	5.0466735036962480	-1.6116400303380660	0.1138355505413189	3.3338246213879867	993.369922374072	
9.3103910459469750	-1.4192286864177532	5.1313980186591680	-0.0513960867987832	-0.2183033397101041	-1.2522718892051343	2.6407279812265907	5.0604751813661290	-1.6539032784683394	-0.0655143666508351	3.167315861481724	992.8864216981862	
9.4942162053711470	-1.3764061490101591	5.0888855044533350	0.0265210949696497	0.0892197150482034	0.5315317237537291	2.7871483676350115	5.0159671400212310	-1.6221956149215147	0.0225381921032862	3.217750220492745	980.1689103098695	
10.5795593700496480	-1.4246933762220697	5.0885081755913230	0.0157874114601475	0.0917764498433395	1.0681310696512505	2.4316881643379884	5.0229002471451505	-1.6391800156571914	0.0804853724018305	3.069261371311253	994.6082447844761	
9.7231996555444820	0.2039962114168658	3.1662142195258727	0.0523145110203569	-0.0122811147802127	0.5595393634008782	3.9825172130977218	3.1730962809267087	-0.0163919768610026	-0.0213316977112235	3.0564459209636547	975.3330693412056	
9.4660454329679360	0.2204710894343025	3.2011854937683860	0.0347227421242093	0.0152774980840529	0.9993049030261884	4.1547749030099800	3.2088635890772563	-0.0120316345753106	0.0212471662532029	3.3576642021200636	1008.9729792144209	
11.0697717870386650	0.2272995969551491	3.1895444048020956	0.0457437282526218	0.0974924687679447	1.3916690819862834	3.7239580550671696	3.1977406317726937	0.0197144017113088	0.0318951395970261	3.2064757285020082	992.77714237489	
9.2352327467511210	0.1749694803449657	3.1688782648906280	0.0237063108459420	0.0616728865658580	-0.0942011743633715	3.7860405816190443	3.1734725679101277	-0.0346870441710931	-0.0288865991581100	3.1249010637539594	980.6218705426178	
9.3418862316130200	0.8826754668726580	2.6439740717961410	-0.0043051897550557	0.0250305828583542	0.8718725452563287	23.2086919691551580	2.7774707772504230	-0.2306750248694655	0.0466746315396445	2.7346931318133314	1007.8750589905047	
10.3973423075557020	1.4131053386989385	2.3812701240570613	0.0624878320922783	0.0261330946835648	1.5369493122139342	32.5418634674117100	2.7682193769237644	-0.0896713160405336	0.0118053991516291	2.7033924847071797	1010.3111858246303	
10.7821293522921580	1.6400224944743191	2.2878588140371705	0.0272622927517383	0.0764160524877577	0.5918803270632889	36.4467697230232100	2.8148034892958664	-0.0399098301668788	0.0018681700358642	2.85372507365777	998.5324980783978	
10.0996858689695670	1.8196062125398050	2.2285949827425826	-0.0010709912156263	0.1610390053647220	-0.5062079160466811	39.0814791771722600	2.8769696446360460	0.0074394729624439	-0.0243686463685015	2.9603758242602427	1002.7735181869025	
8.9618480074046350	1.8489954304887164	2.2510640305345330	-0.0042177658992417	0.0516653940876797	-0.2559674794346842	39.2106379245444600	2.9130605601408908	0.0095815928347005	-0.0088049482736946	2.859321984194348	999.6444988499662	
11.3706104691302730	1.9561264810080903	2.2606681700058290	0.0297159576564399	-0.0095417183009038	0.8719659457103319	41.4333702422350300	2.9894512826121110	-0.0294382459584806	0.0157747038556371	2.8715922899139525	996.6963781960409	
10.3896191984182000	1.8656466551388537	2.3830694451685920	-0.0034090412169370	0.1485650279478971	-0.8495572162131821	38.4182048672464800	3.0261501547608570	-0.0192122733687037	-0.0414146505695946	3.013409845990488	1014.0203604935737	
11.1378688173908390	1.9160188700495293	2.3535593090073155	-0.0946090780016659	-0.1303986070005447	-2.0581951322283074	38.9569103175626600	3.0362820274115020	0.0101986918777746	-0.0144237908704143	3.13102794319002	991.8453996355985	
11.1881696787819400	1.9437179057922034	2.3797364218008620	-0.1010936078325083	-0.0435830288673132	-1.4349278692630040	39.4101784976484700	3.0742057289289410	-0.0090794293462612	0.0241112478029905	3.059329063516866	1008.3658128967604	
9.6559905334809630	1.9949790898798594	2.4116191911540980	-0.0930227207073482	-0.1259749815000433	-1.7912264632346278	39.5251928306837500	3.1312077852610640	0.0040309498803016	-0.0048451761557101	3.1109069328523438	1002.3967458195189	
8.1809456900019080	2.0451989298249056	2.3442490043424110	-0.1095521536860397	-0.0045716687510358	-2.0149867341627252	40.8772913058854700	3.1129076748432130	0.0122282086956497	0.0001005429684587	3.092546919439544	990.943943972906	
10.8100523252954430	2.1116904453922670	2.3116028622995660	0.0240346714823593	-0.2948672726490251	1.2163847013518978	42.0381733230311500	3.1306714147008994	0.0202230155554214	0.0425384344130573	2.9083206901704415	981.4462653097228	
8.1255566069126090	2.0248522120440215	2.3850728364853917	-0.0089768153696831	0.0480162908305643	0.1247555273234006	40.1177366325092100	3.1286251909422750	0.0116157326308083	0.0157793704274572	3.139966577220606	990.0913523140283	
11.0369772889289860	2.0444221033919260	2.3789757055617935	0.1297459485946957	0.1211462344453768	2.5582444928976273	40.9982163447574100	3.1393629465846140	-0.0176838888608024	0.0104271450438307	3.1297648160336844	1005.1866841076866	
10.5232230018683630	2.0461332609059397	2.4355571315900493	0.0761382231081160	-0.1040965087080434	0.7578255497590252	39.8823017489558300	3.1816923138939646	0.0084793524740380	-0.0340442643109094	3.2081484564231717	983.0713976827552	
10.3399503259094500	2.0746460531022810	2.3797616874680907	-0.0134423912807747	0.0284041664382304	0.0328328067590417	40.8784262637566200	3.1570943612318880	0.0111976255601727	0.0152459875647778	3.336912313748829	985.0202124623102	
9.5140523810423400	2.0675811906398130	2.4216428542302966	0.0064522218821745	-0.0186357971420725	0.0311982931660371	40.3535234844880360	3.1842122330288882	0.0076118193232970	-0.0047159023725440	3.2477623889555476	987.705688408884	
11.0771440915323880	2.0404181347263310	2.4272745246303100	0.0121757429381485	-0.0537111789176711	0.5284293708737896	40.3815077591253560	3.1708816342816240	-0.0183009350052065	0.0170519297707584	3.000817147536827	995.7282661542918	
10.3739351455108920	2.0350574302630124	2.4423453612264510	0.0731870857858304	0.1179975819273939	1.2644566181354342	39.5132965301165000	3.1798741447250563	0.0160336513955746	-0.0030501198169708	3.1731511016866425	991.1190149870461	
8.9233056888198290	2.1064924210475473	2.4154884412711515	0.0724669191294009	-0.0018833753654453	1.3154461439994460	40.1992273105170450	3.2054105974471314	0.0498781417396729	0.0011211438914836	3.4832888973303913	986.5225901395333	
9.2403532293919500	2.0008704393443315	2.4752916202684760	0.1350079519350154	0.0707349427417433	2.0663953227597407	39.0474967221814200	3.1856463513628963	-0.0054464870939725	-0.0201476382141035	3.0263219199193703	992.9674204811128	
9.5300813724270450	2.0847512548559766	2.4228990292055750	0.0745093370834333	-0.0201318053473209	1.7285877715310856	40.5233244631682900	3.1971220422603537	0.0104013464795666	0.0219453991965282	3.175930415635622	984.9336176201075	
8.8486899792888300	2.1078955150378764	2.4211052464201948	0.0703246832688243	0.1409708617316962	1.3426294794569937	41.3973347648049200	3.2108415569739273	-0.0197884022261905	0.0049591111731134	3.1296072579243694	996.8119339289223	
10.2030050644379760	2.0382168538511243	2.4395364798276544	0.0996220057309326	-0.0810757569700955	1.8818849933085010	40.4780106134509600	3.1803240819769780	-0.0332667701494700	0.0047727727419625	3.362112288580421	985.282156650808	
9.2328986287180880	2.1639263513164795	2.3957731603722900	0.0230268436399849	-0.0224610886316391	0.4597788854174490	41.5437635200848100	3.2282942532111250	0.0307308054381568	0.0028909671819102	3.1648653568297167	998.4245223536077	
10.4771970937766810	2.0650213164154945	2.4420151612874244	0.0437744632798274	0.0289713345564903	0.5158792472379067	40.5941468555305100	3.1982813358598343	-0.0209699432749375	-0.0149682000635973	3.098772155494106	987.9333224670017	
7.8691564887956470	2.0955905692151340	2.4231919320024087	-0.0126830941450465	-0.0484420289637494	-0.5564292938297827	40.8663518396468000	3.2036197766456260	-0.0007062641772667	-0.0184299174715594	2.9697354990025238	1002.5359477185594	
9.5086738728817700	1.9954531192412820	2.5106388797547370	0.0395807131473459	0.0672483252601361	1.4295344225570659	38.6602044642843550	3.2070184965414180	-0.0101712796091696	0.0404509133577101	3.2722231791141834	989.8080794618161	
11.4746299155096910	2.0650812220743800	2.4656595340608060	0.0892070070654655	-0.0825753017588870	1.0591741176546403	40.1239680426888500	3.2172989585278010	-0.0098672806476102	-0.0297544955812014	3.5278527462786022	1000.4261094859351	
9.3135412830505050	2.0134706181691100	2.4711594293670370	-0.0448811440384319	-0.0700434885283966	-1.5265262312251070	39.2473590308806000	3.1876458141965944	-0.0041030105437412	-0.0400562256026116	3.029895833017969	990.6026697285566	
10.2470093675057040	2.0634853892172083	2.4498592078870183	-0.0456491798118461	0.0350872694485830	-0.8493403064740611	39.7872502106425500	3.2033643283322820	0.0178748165146361	-0.0018462128889264	3.196059043966315	1002.9253370179105	
10.9069017156213270	2.0106580880364910	2.4636528088973897	-0.0849183594966622	0.0759846587074447	-1.4042576711022934	39.4321649020321800	3.1810931485351550	-0.0118285402206460	0.0069787916648941	3.2395033643816915	990.8752480406387	
10.8098427919961860	2.0635155668632930	2.4374514607087185	-0.0966730094772578	-0.1706665319303031	-1.9547913665494838	40.6068524982158200	3.1950064534950720	-0.0198075689313581	-0.0123778470448769	3.2159380980273977	1000.3444137372558	
11.1841832676459600	2.0897568362407010	2.4426391525200506	-0.1248838227047743	0.0341004715687152	-2.2350502310668790	40.2929237186459800	3.2169800126087016	0.0143139834215594	-0.0005844370795009	3.2301643304538334	987.5641922647624	
10.0861966818488910	2.0252744645846270	2.4289489490595750	-0.1471465482841347	0.1363098718963231	-2.3964168671127277	39.2541074711621200	3.1657514064500836	0.0313570944996404	0.0147148187877459	3.3710777565001573	976.6860329669705	
8.8289677930867470	2.0478973231146640	2.4170813969233110	-0.1734548399198189	-0.0101999104375289	-2.7846789884554646	40.3328109063952200	3.1726751512688036	-0.0032947318235841	0.0193400136568631	3.3318652201502954	992.2440675612626	
11.0557774491135240	2.1252780711250274	2.3739167214684542	-0.1042018102104717	-0.1920069309008656	-1.6833883655830330	41.6440217044293000	3.1879333480841514	0.0106898437162334	0.0105921073392865	2.928256161547068	999.9416107791545	
10.4966157427655900	2.0796385738419714	2.4136978965814850	-0.1055538307158503	-0.0964569180405492	-1.9374407425921756	40.8750377131273600	3.1877768147122043	-0.0070526759041419	-0.0022325541533978	3.1248890364826725	974.8816925498813	
10.7680225043238490	2.0020850791836740	2.4873674028885910	-0.0817455630096552	-0.0764439387669353	-1.2021620612025700	39.2780338525056000	3.1939293496071340	-0.0249525383126504	0.0147064225528217	3.1651421651870453	987.9766220909596	
10.8119105001177700	2.0692701049681400	2.4220915601014052	-0.0726132320051237	0.0802656525135012	-0.8824237384326739	40.7244928834755100	3.1863741456361283	-0.0119861286727831	0.0235607943969894	3.3196239839239747	987.0217032085774	
11.2737563868816970	2.0270378097421067	2.4660135136030368	-0.0910949505354173	-0.0785999263963599	-1.2318539190961013	39.3532192337801800	3.1934128382071045	0.0036817068405884	0.0224524212214928	3.3604048541692624	982.3282420277801	
9.3402942535571930	2.0035341355645100	2.4750822631112936	-0.0538246145696105	-0.1511047605266993	-0.8343183004728011	39.4647517816820540	3.1847017534533326	-0.0264303503703754	0.0073830078211226	3.105919648572139	976.6704615436407	
10.8015078047626880	1.9877512159806210	2.5051703098962466	0.0535587701924118	-0.0142293512187518	0.8519479418400789	38.4971174818433250	3.1984139647911145	-0.0037124906934241	-0.0060039424255877	3.3476672743457527	994.467328631964	
11.0596160412428850	2.0531911590349320	2.4144360203811206	0.0138138080783937	0.1855632637339096	0.2036942371988457	40.3900845829593500	3.1694288229932460	-0.0007200708685658	-0.0025437814866681	3.3855295626787636	993.9552169858366	
10.7507474141981730	2.0586207967700170	2.4475969403362967	0.0043943562103434	-0.0203644019255742	-0.2776417109842195	40.0176003397363760	3.1981661218517874	0.0027346620846625	-0.0198911102481690	3.2963262492170466	994.5984479489209	
11.8067377991682500	2.0589427384785410	2.4362053004828015	-0.0019138484186600	-0.0144682727410749	-0.4499222740884782	40.3773695358963200	3.1896262014378833	-0.0097236697074667	-0.0231360022074173	3.188329581264212	990.5680058890041	
12.4900234761929680	2.0300205879440574	2.4556285621770613	-0.0526417734075740	-0.1024968532972526	-1.4744912433951190	39.7059501731387200	3.1863702337493702	-0.0069579018199754	-0.0293717592639700	3.326473954143587	1009.4297349314994	
8.3784439985527110	2.0786108582575777	2.4021548826278690	-0.1194742336344216	-0.0877366766648113	-2.8996480822952560	40.2234779783987200	3.1784036109477430	0.0359070858905714	-0.0413090764716757	3.0634485390755177	991.7098143117539	
10.8357373730237500	1.9892096049681590	2.4657032235348146	-0.0297718576095423	-0.0835756426015065	0.7801594716239222	38.9677895992872900	3.1673651805193940	-0.0041364323819108	0.0728992847260923	3.3256010592593093	952.1455696374767	
10.5486845363967370	2.0431996556323613	2.4438784160366556	0.0589685408778357	-0.1711974529658741	0.5295465001720074	39.3574363920087200	3.1857356056276243	0.0300991681542492	-0.0294367979255185	3.109848933152919	985.8792369109601	
10.5766843015882320	2.0503716643959153	2.4367291170807204	0.0483230065938949	0.0057678381347974	0.4982652355170096	40.4013955081847560	3.1848486236521945	-0.0179357071429547	-0.0206257116953368	3.0756926054930305	991.3569464592235	
10.2814303726589880	2.0498093826820130	2.4623090001650750	0.0150924882598005	0.1229654559634549	0.3833738649528744	39.2572180645967350	3.2037522476873908	0.0290512299974025	0.0062819026297594	3.0526746430187606	992.0920498269011	
11.2240166271484320	2.0867878865012415	2.4386378663903240	0.0343742471110101	-0.0080297880565715	0.8301111961331837	40.8129633616455000	3.2097449625428163	-0.0144959943808146	0.0121267095061254	3.177548734829965	980.8892738126509	
11.1653805037650900	2.0888936938703220	2.3964446485862148	0.0138391182735850	0.0201303620772055	-0.0822920224858065	40.6486042312257600	3.1789479943225520	0.0237894629103020	-0.0184133123135992	3.00635018999285	990.0681673154453	
10.7280169645486140	2.0073745820483680	2.4807284091850432	-0.0102817945291726	0.0002745777651480	-0.5592176318573481	39.1153413256181100	3.1911093954219040	-0.0075741152647914	-0.0208644989961572	3.30389865287247	983.524423158619	
10.9985955324618630	2.1050156833069350	2.4293366183163250	-0.0342850566367937	0.0475947291339093	-0.4162398371895780	40.7371827590970450	3.2146120461955330	0.0096411635292926	0.0109241745554203	3.3723961508808613	992.1203448398394	
10.9583969665696830	2.0934887027766518	2.4165939634151843	-0.0202988805694612	0.1210348458379155	-0.7678335160293306	40.6081751337159460	3.1972262294149450	0.0163649979141302	-0.0225832239707569	3.175554544842352	986.9942112959585	
12.3009253250471760	1.9872218399788860	2.5265941790340350	-0.0341827198883397	0.0675047187152049	-0.6918388518653418	38.2965096366025200	3.2146286291348370	-0.0062149861181745	-0.0046255649310467	3.050491525440039	989.6420698417385	
9.1637094866592830	2.0635588234647817	2.4135208518634900	-0.0755920212924323	0.0184102636657533	-2.0244195666269440	40.1107788798486000	3.1760336497978880	0.0232453572167541	-0.0366330817932410	3.214684892291327	990.5492569712129	
11.0654780418999220	2.0143419464851180	2.4780770593504746	0.0102362612060533	0.0283944900744104	0.6259198179959943	39.1444258747729300	3.1934201162470828	-0.0021043720378289	0.0246516380555306	3.201290158795359	997.3042042048526	
12.2895863064722600	2.0012100034260640	2.4499535532359817	0.0299965825844961	-0.0033953572328961	0.3384824777879439	39.0846187077959900	3.1635121575715446	0.0087552933405383	-0.0113074987713297	3.146092952017807	985.3173571117173	
10.3052966323857010	2.0577118491971325	2.4350376507988085	-0.0259774376871697	-0.1103488090159150	-1.3234598030637440	39.9748983661765800	3.1877631248349707	0.0125751575431600	-0.0476378815439771	3.1566897991084204	994.0039526444006	
12.2464177476723800	2.0056946948159830	2.4672843258982593	-0.0402894299283974	0.1871551379700128	-0.4256990287691261	39.6866621354755800	3.1797198276673364	-0.0320464547442116	0.0167700351131442	3.2512356525601813	982.8482134190035	
11.6561648419196190	2.0899308399445310	2.4187009394921515	-0.0879125026328999	0.1430230197769601	-1.4684597146193337	41.0572386205479500	3.1977267746486358	-0.0126981678211293	0.0059991499288374	3.2669544600439613	993.3583890382964	
10.3912837280873700	2.0390481971205230	2.4243112108029150	-0.1040820018659036	0.0334658320672391	-1.8583397542114484	39.6239917504154060	3.1694218447385083	0.0244738410807104	0.0012889199641071	2.9757131602450553	979.2788877628392	
11.2909652311143350	2.0331338372802440	2.4518846028301190	-0.0567686093779768	-0.0288339230352217	-0.2636387193655781	39.2588468361885900	3.1853270393556694	0.0226104395190741	0.0421236427011036	2.9605981388325806	992.0176196133261	
12.2021207913484800	2.1367435858432735	2.3887522014323400	0.0002032846075707	-0.1222100409450403	-0.2628818467634895	41.9699661153925940	3.2049197541972430	-0.0087654470805001	-0.0149267849389500	3.4537903933029517	979.7134611240367	
11.6461930829725710	2.0468336329971920	2.4490282176786815	-0.0485659044351216	-0.0008257465225152	-1.2729093259249953	39.8882513474376300	3.1920410826323020	-0.0000140142064574	-0.0223496268358839	3.0192580105370808	988.9063656579589	
10.5066916265905470	2.0149844436243662	2.5063836493380696	-0.0728469772397876	0.0215848876664127	-1.2970624321749280	38.9119664607851400	3.2167353809560977	-0.0064401460032327	0.0000351436123028	3.018033833709735	989.5857664159191	
11.6343439218017800	2.0888178064128960	2.4215199103620970	-0.0188249964704407	0.1032275161184061	0.0273968930874637	40.1934073139284540	3.1977776810604680	0.0328466714353291	0.0202949217024056	3.082360296765856	989.8486354214681	
12.4065157842136050	2.0706990641532297	2.4107949621917750	0.0020297323493565	-0.0891647209768651	-0.2081397858021128	40.4888001151315750	3.1779641964013510	0.0095281693765366	-0.0135596536517199	3.1638339747923783	978.1716349847384	
9.1340977506099460	2.1023901663297390	2.3909201431196060	-0.0468791529138602	0.1308820929681158	-1.2703666723988531	41.2524245357106000	3.1840480510965870	0.0040285116911033	-0.0237271286624529	3.1686141754705113	986.3459868897683	
10.2215363867529600	2.0286502156647477	2.4640719900877865	0.0245129121810454	-0.0439168489902667	1.4949130614727920	39.7613771390242760	3.1912296648134517	-0.0165913872356906	0.0587478084666008	3.1183694264257085	984.2696522719873	
10.7428160354317200	2.0284054350308460	2.4853663734361320	0.1172160626055572	-0.0705646330817998	2.0909714975205036	38.9853782591873350	3.2101468444139716	0.0130941304597856	-0.0000738174881464	3.1466293816194075	991.6288314241879	
9.0989417569984510	2.0690904543825877	2.4033611722933060	0.0877208574047819	0.0967899621059065	1.8086485854206145	40.2924777776738000	3.1724196194936347	0.0239975949690427	0.0123715405503385	3.2921734477196574	987.8997274945331	
11.7836553510323970	2.0177873086285200	2.4538213536314517	0.1727626200841630	0.0390505725263548	3.3653401953953015	39.4343444433165260	3.1815648619499010	-0.0001980388440065	0.0140275188356259	3.332382701018776	981.0443058614882	
11.6634904607300350	2.0607427294839757	2.4226825883536030	0.0895726676368344	-0.0025744239276122	1.1132611561409470	40.6001463107367300	3.1816915219616466	-0.0119634133051842	-0.0277618378323559	3.300463262809999	984.2631187422127	
10.6937083100889950	2.0810158329204325	2.4315499468197360	0.0068566799229905	0.0458483789744503	-0.1777555125635880	39.9305310456243100	3.2002496868324180	0.0350472441888688	-0.0168133104391781	3.102654385367551	989.2995899349777	
8.0852747559899750	2.0563939524159350	2.4484302702536094	0.0059015027992639	0.1465729280687586	0.1723270753094770	40.4551289653733500	3.1973450321352046	-0.0239204673902393	0.0037762789152708	3.404134089164117	1000.6469387056005	
12.5173737025797460	2.0216134854700702	2.4275008871957350	0.1296882151105464	0.0805529264906112	3.0817062999928240	40.1354789231890200	3.1614088733645356	-0.0191346828825969	0.0403543607562366	3.3134956923716947	1004.5916625621444	
11.2279476429391940	2.0314939959232600	2.4920915958478480	0.0201404299464065	-0.0060643568775837	-0.2299682456737089	39.1912137253348100	3.2150897273835370	-0.0002832914192321	-0.0330451071261656	3.134380224225221	988.0941308456215	
8.6822790243137770	1.9996448240896354	2.4402483772714865	-0.0200688670544285	0.0767497898179804	-0.8716057783178179	39.8428685211323450	3.1547147899235120	-0.0281302630539904	-0.0278856100489737	3.0647456879816097	977.1745677969112	
9.6683802081343900	1.9757357572415170	2.4843343852296720	0.1005432311014469	-0.0777816865375219	1.9053570143100370	38.9152108790769500	3.1756872063177010	-0.0233168905930805	0.0050151411415155	3.11971879647505	1006.358820007447	
8.0165674488066300	2.0811540806749960	2.4132433993755800	0.1177238425436967	0.0762190749144628	2.1589706478142063	40.5977560764767840	3.1888403693831270	0.0098119928964577	0.0023955440158734	3.1395826711093244	977.9376801750975	
9.6536183406389700	2.0848093580066283	2.4072194171557200	0.2238488190963280	0.0860392944682645	4.0315862901516100	41.2697770702405200	3.1923046134565520	-0.0208456623075606	0.0006234110420059	3.3064813046393753	984.9494554216766	
8.7640795721438050	2.0702290263460510	2.4263756582717653	0.1926287361803971	-0.0271384399969201	3.2847947939957884	40.5056999258658050	3.1953337782078317	-0.0019032111197376	-0.0095556377815609	3.3447075538456255	1002.0393693088982	
9.3393851444592520	2.0006389997357250	2.4457936886857983	0.1624235855491199	-0.1403448621590090	3.5480525227874224	39.4637800904419300	3.1637994912752156	-0.0100582391221733	0.0334096820386859	2.9601870540926556	992.7659015744957	
9.9239145334495880	2.0201253427267990	2.4383239936458723	0.1791841136595844	-0.0378071146237000	2.7497831069763063	39.6123417646800500	3.1713880057623713	0.0016229176760451	-0.0270689480582633	3.067721643067305	988.7827134188323	
10.7728496812342300	2.0308477879767860	2.4596879918566117	0.1189524147055752	-0.0620737571427544	1.7451337231274993	39.6305300016513800	3.1918742558090800	-0.0047450887960383	-0.0217635340340930	3.230951027281674	980.2114173326737	
10.0789302295667580	2.0508603151126796	2.4538478382489580	0.0196597864466324	0.0102329853957868	-0.1891626444925652	39.7956580794632160	3.1979437261604760	0.0051473389954988	-0.0302188980342392	3.0905378966821746	1005.0600225451603	
10.0480343569776240	2.0825140327583345	2.4450324815760873	-0.0343551088821719	-0.0346637140904408	-0.4083443169801823	39.9137713978725500	3.2117417976379454	0.0284881456322776	0.0114828989204702	3.3097474350893337	983.8769448286442	
9.0433072467335830	2.0518875909435780	2.4291774979451090	-0.0226067457548971	-0.0646536722638362	-0.5448440254233984	40.1527140762965400	3.1798734492100578	0.0019251881152425	-0.0076294170402631	3.2212929257878145	1013.5728956804405	
10.8295477483296880	2.0242868905415055	2.4728082470000660	0.0321860441873696	-0.0870834624462427	0.3863522177092294	39.4423213863221850	3.1958381790293213	-0.0076767229146942	-0.0106482145926018	2.993666628538295	995.5495300448833	
9.5494700711101070	2.0453155982687825	2.4819987374773530	-0.0235188405420045	-0.1787151305443133	-0.9217236868392753	39.5528240538591700	3.2161122731386010	-0.0034066442309002	-0.0282313046731171	3.1784920260855847	985.9553930023345	
9.1971733173963180	2.0227358545589480	2.4712246229743875	-0.0089039911518250	-0.0607767868069619	-0.1823514947056402	39.5922742459060100	3.1934660402719510	-0.0162411461878296	-0.0012768601913919	3.2284662570431046	980.6583769051939	
10.9746027546998040	2.1073795463608254	2.4335082175780910	-0.0040397807216527	-0.0106331862824705	0.5670350403519523	40.9175629720864500	3.2189651133316266	-0.0014404470986808	0.0358976536057773	3.0598560638244168	978.5030263744704	
9.9463179877908220	2.0547390501456273	2.4606900396803137	-0.0410715638680918	-0.0201052261828738	-1.0892177057940780	40.1004784784954000	3.2059418234175197	-0.0132945236353544	-0.0198793721604336	3.1528849954154814	1010.7865799024627	
9.9734189684041450	2.0182782926377030	2.4964794947678306	-0.0358409938255824	0.0605806885876644	-0.8063245085425067	38.7182748402143800	3.2104330474297300	0.0131864703932067	-0.0093528678401903	3.176459523029217	990.8304778084477	
9.2608405385851820	2.0001837514401175	2.5258276155918190	-0.0187627842808717	-0.0781891638385122	-0.4756779786159520	38.8187619644422800	3.2218328636218962	-0.0249181577958098	-0.0080193256123241	3.353281850793357	1008.2001892143012	
9.2022758522931150	0.3347212147672171	0.3724205345943329	-0.0350223446259723	0.0485574176976175	1.9836896150441172	-4.6149848031280944	0.3428629401561319	0.3636404495111657	0.0466104985242666	0.581832515876028	1016.1256533433999	
10.2043966388369310	0.1748926098722309	0.3801234657343553	-0.0137697339327210	0.0210493224842514	3.8837642240986057	-21.1780576372660430	0.2896662043878309	0.3004192785833360	0.0333560617191405	0.4150231507242796	1003.9592520692921	
9.7145443200007530	0.0267855664578212	0.4296986588296081	0.0332529770962708	0.0669573408796587	1.2852014644760439	-38.3294851544872000	0.3211335271756717	0.2874732066318073	-0.0263927575053032	0.39344441262212765	1007.8522207174881	
9.5590202052750600	-0.0470940702982324	0.3925289574972989	0.0168184773568626	-0.0635327221493475	1.3405138695052776	-53.5534431125742000	0.2713930184237062	0.2877888761290526	-0.0101531984626093	0.7504289157582815	1003.9114989101074	
10.6152038353122630	-0.1820680761761730	0.3561152941977923	0.0002322831222312	0.0205370450534645	1.9667657465739663	-69.5560778271884600	0.2948222953615548	0.2700940830991784	0.0097949738172190	0.5725773795749862	973.416664429253	
10.8730438723181480	-0.2390561228859080	0.3288110736108393	0.0371728327759947	0.0480351525838547	-1.2964503905838096	-86.4990920573469600	0.2577813693242119	0.3135634744088881	-0.0432791481074669	0.45188325912268745	999.9751001252711	
8.4202305227445270	-0.3277442291693072	0.2003431088986297	0.0370335384730920	-0.0253208490881903	-4.3795142456960770	-101.7205245162845300	0.2765673211616461	0.2627690522736852	-0.0582070961434234	0.28909807804004295	1004.4136422613636	
9.3413917873539740	-0.3977386588540505	0.1069393271970015	-0.0995986655035171	0.0869410965326310	2.0957434924947290	-118.8021453314029800	0.2931710086722557	0.2855020119008523	0.1099605178830355	0.5358290538971635	1000.4120425379026	
10.2861995967625220	-0.4112206631993729	0.0309599675081258	0.0208699022760737	-0.0792102679433092	3.2921724430941985	-133.8673818666080400	0.2757574401472273	0.3072995623916525	-0.0046172945104732	0.477124890426456	999.7464131643893	
10.7876963271854930	-0.3448650136363262	-0.1053404637680555	0.0554425627446414	-0.0603740699596517	0.7698287139059683	-150.3554728041200400	0.2628500318750346	0.2476772452794325	-0.0516547346816443	0.524994364035229	998.0608276538924	
10.1660446084513280	-0.3252435950058580	-0.2190796512300453	0.0405377172405112	-0.1649043239092390	-2.7336667704311340	-166.0503936166885000	0.2887599732644422	0.2629937726169429	-0.0536148263030935	0.5124468015610155	1005.4463391509368	
9.7817969786082080	-0.2530180167741969	-0.3015733398630252	-0.0280240409553601	0.0341026557748027	-2.9590229958742020	178.6160810632776800	0.2964274144825220	0.2602352262401953	0.0125840361918029	0.46763158886595085	1009.6930252593052	
9.7741662912035250	-0.0403138960213130	-0.4515030268828952	-0.0426931372144371	-0.0358882973638414	-1.6933003969086622	166.9599645311621000	0.4318373082755346	0.1411289816751493	0.0300341001982849	0.5792917920644574	986.1318094064549	
8.0738066343477720	0.1766234024524051	-0.6897034286554996	0.0103496902348546	-0.0336368171689177	-0.5090091769480400	160.6529566922886800	0.7091488589285263	0.0618517122800733	-0.0166139534538154	0.7740794299125647	1011.6009294856805	
10.8873560219773110	0.3742062886021259	-0.8473654606653395	0.0311440502220901	0.0324869451127764	5.8405196490488400	155.8302031612933500	0.9246587063100045	0.0055811225640099	0.0632744034996060	0.9070136929405906	997.3795160349504	
9.4772292183657070	0.4436313378295642	-1.0615573530381610	0.0709189920211858	0.0849232092923234	0.3527153948557266	155.8867820555705600	1.1505821988270462	0.0286750455406247	-0.0638797826287737	1.1284213949974438	1017.1504158939559	
9.1126994125247780	0.5886370483889825	-1.2697460978307120	0.0361698976736304	-0.0672529419802506	1.0292542522489938	155.6804887023112400	1.3999119412945706	-0.0134774573168426	-0.0110410124206670	1.3392170193593478	1015.2244670958099	
7.8297579671764660	0.5917074888942124	-1.5348377079896067	0.0564692912895860	-0.0023554938027439	2.1505678215178112	159.5292562881849000	1.6458118919120048	-0.0175645661830113	0.0052939205568611	1.4888370386674668	1008.6524245393257	
10.1944429930018360	0.6318307929901016	-1.7220393169507269	0.1479937147950103	-0.0855484369708902	5.0095032309655970	161.1447320636977000	1.8397435831473712	-0.0414179735956795	0.0126411805126097	1.906720398810612	992.2857921231041	
